1935 01 01 06   -39 -9999 10192   290    26     1 -9999 -9999
1935 01 01 12   -50 -9999 10223   290    26     4 -9999 -9999
1935 01 01 18   -22 -9999 10230    70    93     6 -9999 -9999
1935 01 02 06    11 -9999 10185    90   123     8 -9999 -9999
1935 01 02 12    11 -9999 10114   110   154     8 -9999 -9999
1935 01 02 18    11 -9999 10044    90   123     8 -9999 -9999
1935 01 03 06     0 -9999  9962     0     0     8 -9999 -9999
1935 01 03 12     0 -9999  9929     0     0     9 -9999 -9999
1935 01 03 18     0 -9999  9942   290    67     9 -9999 -9999
1935 01 04 06    11 -9999 10154    20    93     4 -9999 -9999
1935 01 04 12    11 -9999 10242   340   226     6 -9999 -9999
1935 01 04 18   -11 -9999 10275   340    93     2 -9999 -9999
1935 01 05 06   -11 -9999 10219   140    46     8 -9999 -9999
1935 01 05 12     0 -9999 10171   160    93     8 -9999 -9999
1935 01 05 18     0 -9999 10101   180   190     9 -9999 -9999
1935 01 06 06     0 -9999 10109   290    93     1 -9999 -9999
1935 01 06 12    22 -9999 10126   270   123     7 -9999 -9999
1935 01 06 18    28 -9999 10134   270   123     4 -9999 -9999
1935 01 07 06     0 -9999 10124   180    67     8 -9999 -9999
1935 01 07 12    11 -9999 10114   180    26     8 -9999 -9999
1935 01 07 18    22 -9999 10082     0     0     8 -9999 -9999
1935 01 08 06     0 -9999 10051   180    26     8 -9999 -9999
1935 01 08 12    11 -9999 10009   160    93     8 -9999 -9999
1935 01 08 18    11 -9999  9974   140    67     8 -9999 -9999
1935 01 09 06   -11 -9999  9953   230    67     4 -9999 -9999
1935 01 09 12     0 -9999  9952   160    67     2 -9999 -9999
1935 01 09 18   -11 -9999  9877    70   190     7 -9999 -9999
1935 01 10 06   -11 -9999  9811   160   123     6 -9999 -9999
1935 01 10 12   -22 -9999  9801    70    67     8 -9999 -9999
1935 01 10 18   -22 -9999  9792    20    26     8 -9999 -9999
1935 01 11 06   -50 -9999  9845     0     0     9 -9999 -9999
1935 01 11 12   -39 -9999  9872    20   190     9 -9999 -9999
1935 01 11 18   -50 -9999  9910    50    93     7 -9999 -9999
1935 01 12 06   -89 -9999 10015    20   226     6 -9999 -9999
1935 01 12 12   -89 -9999 10057   340   190     7 -9999 -9999
1935 01 12 18  -111 -9999 10086   340   154     4 -9999 -9999
1935 01 13 06  -100 -9999 10060   320    93     9 -9999 -9999
1935 01 13 12   -78 -9999 10029   290    46     8 -9999 -9999
1935 01 13 18   -72 -9999 10013   320    46     7 -9999 -9999
1935 01 14 06   -50 -9999 10004     0     0     7 -9999 -9999
1935 01 14 12   -28 -9999 10001   140    26     6 -9999 -9999
1935 01 14 18   -78 -9999 10019   340   226     9 -9999 -9999
1935 01 15 06  -100 -9999 10044   340   154     7 -9999 -9999
1935 01 15 12   -78 -9999 10152   340    46     8 -9999 -9999
1935 01 15 18   -61 -9999 10119   160    67     8 -9999 -9999
1935 01 16 06    11 -9999  9908     0     0     8 -9999 -9999
1935 01 16 12   -11 -9999  9981   290   123     8 -9999 -9999
1935 01 16 18    11 -9999  9967   250   123     8 -9999 -9999
1935 01 17 06    22 -9999 10084   290   154     9 -9999 -9999
1935 01 17 12    22 -9999 10130   290    93     8 -9999 -9999
1935 01 17 18    22 -9999 10162   290    67     8 -9999 -9999
1935 01 18 06    22 -9999 10199     0     0     4 -9999 -9999
1935 01 18 18    39 -9999 10123   270   226     2 -9999 -9999
1935 01 19 06    22 -9999 10087   270   226     8 -9999 -9999
1935 01 19 12   -22 -9999 10117   290   226     7 -9999 -9999
1935 01 19 18   -72 -9999 10178   340   226     6 -9999 -9999
1935 01 20 06   -61 -9999 10326   360    67     8 -9999 -9999
1935 01 20 12   -61 -9999 10302   320    67     8 -9999 -9999
1935 01 20 18   -61 -9999 10240     0     0     8 -9999 -9999
1935 01 21 12   -22 -9999 10098   320   154     7 -9999 -9999
1935 01 21 18   -28 -9999 10084   320    46     8 -9999 -9999
1935 01 22 06     0 -9999  9918    70    93     8 -9999 -9999
1935 01 22 12    11 -9999  9831   250   190     8 -9999 -9999
1935 01 22 18   -28 -9999  9768   250    93     4 -9999 -9999
1935 01 23 06   -78 -9999  9759   340   226     9 -9999 -9999
1935 01 23 12   -78 -9999  9908   320   226     8 -9999 -9999
1935 01 24 06   -61 -9999  9978   290    93     8 -9999 -9999
1935 01 24 12   -61 -9999  9916   270    26     8 -9999 -9999
1935 01 24 18   -61 -9999  9855    70    26     8 -9999 -9999
1935 01 25 06   -61 -9999  9851    50    26     1 -9999 -9999
1935 01 25 12   -11 -9999  9933    50   154     8 -9999 -9999
1935 01 25 18   -28 -9999 10008   290   123     8 -9999 -9999
1935 01 26 06  -100 -9999 10136   340   154     7 -9999 -9999
1935 01 26 12   -50 -9999 10181   340    26     4 -9999 -9999
1935 01 26 18   -50 -9999 10199   320   123     4 -9999 -9999
1935 01 27 06   -28 -9999 10075   200   154     8 -9999 -9999
1935 01 27 12     0 -9999  9974   230    93     9 -9999 -9999
1935 01 27 18     0 -9999  9927   290   154     8 -9999 -9999
1935 01 28 06   -72 -9999  9994   340   154     2 -9999 -9999
1935 01 28 12   -50 -9999 10052   320    67     8 -9999 -9999
1935 01 28 18   -50 -9999 10071   290   123     8 -9999 -9999
1935 01 29 06  -111 -9999 10206   320   190     8 -9999 -9999
1935 01 29 12  -100 -9999 10217   340    26     8 -9999 -9999
1935 01 29 18   -78 -9999 10164   140    93     8 -9999 -9999
1935 01 30 06     0 -9999  9885   110   154     8 -9999 -9999
1935 01 30 12     0 -9999  9799   180    26     6 -9999 -9999
1935 01 30 18     0 -9999  9777   160    93     4 -9999 -9999
1935 01 31 06   -28 -9999  9786   160    67     4 -9999 -9999
1935 01 31 12   -28 -9999  9815   180    10     7 -9999 -9999
1935 01 31 18   -28 -9999  9831   320    67     4 -9999 -9999
1935 02 01 06  -100 -9999  9849   340   226     7 -9999 -9999
1935 02 01 12  -100 -9999  9804   340   154     8 -9999 -9999
1935 02 01 18   -89 -9999  9763   360   226     8 -9999 -9999
1935 02 02 06   -89 -9999  9772   360   226     9 -9999 -9999
1935 02 02 12     0 -9999  9820   360   226     9 -9999 -9999
1935 02 02 18  -189 -9999  9999     0     0     9 -9999 -9999
1935 02 03 06  -111 -9999  9982    20   123     9 -9999 -9999
1935 02 03 12  -111 -9999 10028   340   154     7 -9999 -9999
1935 02 03 18  -111 -9999 10036   320   123     7 -9999 -9999
1935 02 04 06   -89 -9999 10050   270    67     9 -9999 -9999
1935 02 04 12   -78 -9999 10045   270    46     8 -9999 -9999
1935 02 04 18   -61 -9999 10045   290    93     7 -9999 -9999
1935 02 05 06   -72 -9999 10068   340    26     4 -9999 -9999
1935 02 05 12   -61 -9999 10080   290    67     7 -9999 -9999
1935 02 05 18   -39 -9999 10090   250    67     8 -9999 -9999
1935 02 06 06   -11 -9999 10067   230    46     7 -9999 -9999
1935 02 06 12   -11 -9999 10045   180    93     8 -9999 -9999
1935 02 06 18  -111 -9999 10036   320   123     7 -9999 -9999
1935 02 07 06    39 -9999  9861   230    46     8 -9999 -9999
1935 02 07 12    22 -9999  9884   250    67     7 -9999 -9999
1935 02 08 06     0 -9999  9891   230   154     2 -9999 -9999
1935 02 08 12     0 -9999  9914   230   226     7 -9999 -9999
1935 02 08 18   -11 -9999  9979   230    93     8 -9999 -9999
1935 02 09 06   -22 -9999  9692   180   190     9 -9999 -9999
1935 02 09 12   -61 -9999  9835   290   226     9 -9999 -9999
1935 02 09 18   -89 -9999  9990   270   154     7 -9999 -9999
1935 02 10 06   -22 -9999  9889    70   123     8 -9999 -9999
1935 02 10 12   -28 -9999  9880     0     0     8 -9999 -9999
1935 02 10 18   -28 -9999  9905   140    26     8 -9999 -9999
1935 02 11 06  -100 -9999 10015   320   154     7 -9999 -9999
1935 02 11 12  -100 -9999 10045   320    93     6 -9999 -9999
1935 02 11 18   -89 -9999 10032   340    46     6 -9999 -9999
1935 02 12 06   -78 -9999  9958    70    67     7 -9999 -9999
1935 02 12 12   -72 -9999  9942    50    67     7 -9999 -9999
1935 02 12 18   -78 -9999  9929    70   123     6 -9999 -9999
1935 02 13 06   -78 -9999  9918    50   123     9 -9999 -9999
1935 02 13 12   -78 -9999  9917   320    67     2 -9999 -9999
1935 02 13 18   -78 -9999  9922   340    26     4 -9999 -9999
1935 02 14 06   -89 -9999  9933   360    26     6 -9999 -9999
1935 02 14 12   -78 -9999  9945     0     0     4 -9999 -9999
1935 02 14 18  -150 -9999  9944    20    26     4 -9999 -9999
1935 02 15 06   -89 -9999  9912   230    46     7 -9999 -9999
1935 02 15 12   -78 -9999  9920   250    93     6 -9999 -9999
1935 02 15 18   -89 -9999  9920   270    67     7 -9999 -9999
1935 02 16 06   -22 -9999  9854   110    93     6 -9999 -9999
1935 02 16 12   -11 -9999  9840   160    93     7 -9999 -9999
1935 02 16 18   -22 -9999  9819    70    67     6 -9999 -9999
1935 02 17 06   -11 -9999  9816    70    26     8 -9999 -9999
1935 02 17 12     0 -9999  9837   110   123     8 -9999 -9999
1935 02 17 18     0 -9999  9835    90   123     8 -9999 -9999
1935 02 18 06     0 -9999  9696   110   226     8 -9999 -9999
1935 02 18 12     0 -9999  9719    90    26     6 -9999 -9999
1935 02 18 18     0 -9999  9712    70   123     6 -9999 -9999
1935 02 19 06   -39 -9999  9772   140   123     7 -9999 -9999
1935 02 19 12   -39 -9999  9814   140    26     6 -9999 -9999
1935 02 19 18   -39 -9999  9836   290   123     9 -9999 -9999
1935 02 20 06   -50 -9999  9921   110    93     4 -9999 -9999
1935 02 20 12   -50 -9999  9942   320    26     4 -9999 -9999
1935 02 20 18   -72 -9999  9939   160    67     6 -9999 -9999
1935 02 21 06  -111 -9999  9951   320   226     9 -9999 -9999
1935 02 21 12  -111 -9999  9891   320   123     6 -9999 -9999
1935 02 21 18  -122 -9999  9850   320   123     6 -9999 -9999
1935 02 22 06   -89 -9999  9781    50    46     4 -9999 -9999
1935 02 22 12   -72 -9999  9797   320    26     8 -9999 -9999
1935 02 22 18   -61 -9999  9800   360   226     9 -9999 -9999
1935 02 23 06   -89 -9999  9796   360   226     9 -9999 -9999
1935 02 23 12   -89 -9999  9822   360   226     9 -9999 -9999
1935 02 23 18   -89 -9999  9801   360   226     9 -9999 -9999
1935 02 24 06  -100 -9999  9794   340   226     9 -9999 -9999
1935 02 24 12  -111 -9999  9816   320   226     7 -9999 -9999
1935 02 24 18  -122 -9999  9797   340   226     6 -9999 -9999
1935 02 25 06  -128 -9999  9817   320   226     9 -9999 -9999
1935 02 25 12  -111 -9999  9835   290   154     7 -9999 -9999
1935 02 25 18  -111 -9999  9840   290   123     8 -9999 -9999
1935 02 26 06   -78 -9999  9847   320    93     4 -9999 -9999
1935 02 26 12   -61 -9999  9861   340    93     4 -9999 -9999
1935 02 26 18   -61 -9999  9875   360    46     7 -9999 -9999
1935 02 27 06     0 -9999 10094    70   154     8 -9999 -9999
1935 02 27 12     0 -9999  9924    50   154     6 -9999 -9999
1935 02 27 18     0 -9999  9955    50    67     6 -9999 -9999
1935 02 28 06     0 -9999 10035    70   226     7 -9999 -9999
1935 02 28 12     0 -9999 10072    70   226     8 -9999 -9999
1935 02 28 18     0 -9999 10114    70   190     8 -9999 -9999
1935 03 01 06     0 -9999 10203    90   154     7 -9999 -9999
1935 03 01 12     0 -9999 10231    50   154     8 -9999 -9999
1935 03 01 18     0 -9999 10243    70   123     8 -9999 -9999
1935 03 02 06     0 -9999 10249    90    93     8 -9999 -9999
1935 03 02 12     0 -9999 10228   110    67     8 -9999 -9999
1935 03 02 18     0 -9999 10201    90    67     8 -9999 -9999
1935 03 03 06     0 -9999 10125    90    67     8 -9999 -9999
1935 03 03 12    11 -9999 10094    70    67     8 -9999 -9999
1935 03 03 18    11 -9999 10071    90    67     8 -9999 -9999
1935 03 04 12    11 -9999  9966    70    67     9 -9999 -9999
1935 03 04 18    11 -9999  9936     0     0     9 -9999 -9999
1935 03 05 06     0 -9999  9951   290    67     8 -9999 -9999
1935 03 05 12     0 -9999 10005   180    46     6 -9999 -9999
1935 03 05 18   -11 -9999 10060   320    46     7 -9999 -9999
1935 03 06 06   -72 -9999 10170   340   123     7 -9999 -9999
1935 03 06 12   -61 -9999 10202   320    67     8 -9999 -9999
1935 03 06 18   -50 -9999 10190    90   123     8 -9999 -9999
1935 03 07 06    11 -9999 10099    70   154     8 -9999 -9999
1935 03 07 12     0 -9999 10080   110    46     9 -9999 -9999
1935 03 07 18    11 -9999 10062    70    93     8 -9999 -9999
1935 03 08 06    22 -9999 10080   230   123     6 -9999 -9999
1935 03 08 12    11 -9999 10142   230    93     6 -9999 -9999
1935 03 08 18    22 -9999 10180   230   123     6 -9999 -9999
1935 03 09 06    22 -9999 10183    90    46     8 -9999 -9999
1935 03 09 12    22 -9999 10198     0     0     8 -9999 -9999
1935 03 09 18    22 -9999 10211   200    46     7 -9999 -9999
1935 03 10 06    11 -9999 10252   200    46     8 -9999 -9999
1935 03 10 12    22 -9999 10285   160    26     7 -9999 -9999
1935 03 10 18    11 -9999 10303   250    26     6 -9999 -9999
1935 03 11 06    22 -9999 10313   270    46     7 -9999 -9999
1935 03 11 12    11 -9999 10320   230    93     7 -9999 -9999
1935 03 11 18    11 -9999 10330   230    67     7 -9999 -9999
1935 03 12 06    11 -9999 10296    70    67     8 -9999 -9999
1935 03 12 12    11 -9999 10272   160    46     8 -9999 -9999
1935 03 12 18    11 -9999 10244    70    46     8 -9999 -9999
1935 03 13 06    11 -9999 10179   140    26     9 -9999 -9999
1935 03 13 12     0 -9999 10167   230    10     8 -9999 -9999
1935 03 13 18    11 -9999 10142   290    26     7 -9999 -9999
1935 03 14 06     0 -9999 10103     0     0     8 -9999 -9999
1935 03 14 12     0 -9999 10082   230    26     8 -9999 -9999
1935 03 14 18     0 -9999 10059   110    10     9 -9999 -9999
1935 03 15 06   -50 -9999 10111   340   154     7 -9999 -9999
1935 03 15 12   -39 -9999 10139   360   123     7 -9999 -9999
1935 03 15 18   -39 -9999 10144   290   123     6 -9999 -9999
1935 03 16 06   -72 -9999 10128   320   226     6 -9999 -9999
1935 03 16 12   -39 -9999 10153   290    26     6 -9999 -9999
1935 03 16 18   -39 -9999 10154    20    46     7 -9999 -9999
1935 03 17 06   -50 -9999 10204   340    93     6 -9999 -9999
1935 03 17 12   -50 -9999 10219   340   123     7 -9999 -9999
1935 03 17 18   -50 -9999 10225   340    93     6 -9999 -9999
1935 03 18 06   -72 -9999 10245   340    10     4 -9999 -9999
1935 03 18 12   -50 -9999 10258   340    26     6 -9999 -9999
1935 03 18 18   -50 -9999 10261   340    26     4 -9999 -9999
1935 03 19 06     0 -9999 10265   140    26     4 -9999 -9999
1935 03 19 12   -39 -9999 10264   320    26     7 -9999 -9999
1935 03 19 18     0 -9999 10255    50    10     6 -9999 -9999
1935 03 20 06   -50 -9999 10224   200    26     7 -9999 -9999
1935 03 20 12   -61 -9999 10214   340    93     4 -9999 -9999
1935 03 20 18   -61 -9999 10191   290   123     4 -9999 -9999
1935 03 21 06   -61 -9999 10174   360    93     7 -9999 -9999
1935 03 21 12   -72 -9999 10168   340   123     6 -9999 -9999
1935 03 21 18   -78 -9999 10159   340    93     6 -9999 -9999
1935 03 22 06   -72 -9999 10113    70    26     6 -9999 -9999
1935 03 22 12   -50 -9999 10099   340    93     8 -9999 -9999
1935 03 22 18   -39 -9999 10088    50    93     6 -9999 -9999
1935 03 23 06   -72 -9999 10083    50    26     1 -9999 -9999
1935 03 23 12   -61 -9999 10084    70   123     4 -9999 -9999
1935 03 23 18   -61 -9999 10093    70    46     6 -9999 -9999
1935 03 24 06   -78 -9999 10113    70    93     4 -9999 -9999
1935 03 24 12   -61 -9999 10128    70   154     6 -9999 -9999
1935 03 24 18   -61 -9999 10142    50    26     6 -9999 -9999
1935 03 25 06   -61 -9999 10116    90   154     2 -9999 -9999
1935 03 25 12   -39 -9999 10100    50   154     4 -9999 -9999
1935 03 25 18   -39 -9999 10096    50   123     2 -9999 -9999
1935 03 26 06   -61 -9999 10125    50    46     6 -9999 -9999
1935 03 26 12   -22 -9999 10143   360    10     6 -9999 -9999
1935 03 26 18   -39 -9999 10147   290    26     8 -9999 -9999
1935 03 27 06  -111 -9999 10163   320   154     9 -9999 -9999
1935 03 27 12  -100 -9999 10159   320    93     6 -9999 -9999
1935 03 27 18  -111 -9999 10132   290    46     7 -9999 -9999
1935 03 28 06   -28 -9999 10190   360    67     7 -9999 -9999
1935 03 28 12   -61 -9999 10261   320   226     4 -9999 -9999
1935 03 28 18   -89 -9999 10292   320   190     4 -9999 -9999
1935 03 29 06   -78 -9999 10318   320   154     4 -9999 -9999
1935 03 29 12   -50 -9999 10328   270    10     2 -9999 -9999
1935 03 29 18   -61 -9999 10316   270    26     7 -9999 -9999
1935 03 30 06   -72 -9999 10255    70    93     7 -9999 -9999
1935 03 30 12   -50 -9999 10241    70    93     4 -9999 -9999
1935 03 30 18   -50 -9999 10229    70   123     4 -9999 -9999
1935 03 31 06   -28 -9999 10186    70   154     6 -9999 -9999
1935 03 31 12   -22 -9999 10193    70   123     2 -9999 -9999
1935 03 31 18   -22 -9999 10206    70    26     4 -9999 -9999
1935 04 01 06   -61 -9999 10233   320    93     7 -9999 -9999
1935 04 01 12   -78 -9999 10235   320    93     6 -9999 -9999
1935 04 01 18   -72 -9999 10238   340    67     7 -9999 -9999
1935 04 02 06   -50 -9999 10189   320    93     6 -9999 -9999
1935 04 02 12   -89 -9999 10196   320   123     4 -9999 -9999
1935 04 02 18   -89 -9999 10194   340   123     7 -9999 -9999
1935 04 03 06   -61 -9999 10204   340   154     9 -9999 -9999
1935 04 03 12   -72 -9999 10235   340   226     7 -9999 -9999
1935 04 03 18   -61 -9999 10239   340   190     6 -9999 -9999
1935 04 04 06   -61 -9999 10251    20    67     4 -9999 -9999
1935 04 04 12   -28 -9999 10243   320    26     7 -9999 -9999
1935 04 04 18   -22 -9999 10232   320    26     7 -9999 -9999
1935 04 05 06   -28 -9999 10270     0     0     4 -9999 -9999
1935 04 05 12   -28 -9999 10282   110   154     4 -9999 -9999
1935 04 05 18   -50 -9999 10278   360   123     4 -9999 -9999
1935 04 06 06   -50 -9999 10200    50    67     7 -9999 -9999
1935 04 06 12   -11 -9999 10192    50   154     6 -9999 -9999
1935 04 06 18   -22 -9999 10198    70    67     4 -9999 -9999
1935 04 07 06   -39 -9999 10176   180    26     6 -9999 -9999
1935 04 07 12   -22 -9999 10189   230    46     6 -9999 -9999
1935 04 07 18   -22 -9999 10193   110    26     4 -9999 -9999
1935 04 08 06   -39 -9999 10175    70    67     4 -9999 -9999
1935 04 08 18   -28 -9999 10178   290    67     6 -9999 -9999
1935 04 09 06   -61 -9999 10174    90    26     7 -9999 -9999
1935 04 09 12   -39 -9999 10169   230    26     7 -9999 -9999
1935 04 09 18   -39 -9999 10166   160    10     7 -9999 -9999
1935 04 10 06   -28 -9999 10118   340    26     7 -9999 -9999
1935 04 10 12   -11 -9999 10094    20   226     7 -9999 -9999
1935 04 10 18    11 -9999 10081    20   226     7 -9999 -9999
1935 04 11 06   -39 -9999 10065   340   190     9 -9999 -9999
1935 04 11 12     0 -9999 10047   340   154     6 -9999 -9999
1935 04 11 18   -22 -9999 10024   340   226     7 -9999 -9999
1935 04 12 06   -11 -9999 10047   290   190     9 -9999 -9999
1935 04 12 12     0 -9999 10060   340   123     4 -9999 -9999
1935 04 12 18   -22 -9999 10059   360   226     6 -9999 -9999
1935 04 13 06   -11 -9999 10042   340   226     9 -9999 -9999
1935 04 13 12     0 -9999 10049    90    46     7 -9999 -9999
1935 04 13 18    11 -9999 10045   360    67     7 -9999 -9999
1935 04 14 06    11 -9999 10050    50    46     7 -9999 -9999
1935 04 14 12    11 -9999 10065   230    26     7 -9999 -9999
1935 04 14 18    11 -9999 10079   230    46     6 -9999 -9999
1935 04 15 06   -11 -9999 10109   340    10     4 -9999 -9999
1935 04 15 12     0 -9999 10123   230    46     8 -9999 -9999
1935 04 15 18    11 -9999 10132   340    67     6 -9999 -9999
1935 04 16 06 -9999 -9999 10166   140    67     4 -9999 -9999
1935 04 16 12   -22 -9999 10191   180    46     4 -9999 -9999
1935 04 16 18   -11 -9999 10203   320    67     4 -9999 -9999
1935 04 17 06   -28 -9999 10241   320    93     2 -9999 -9999
1935 04 17 12   -39 -9999 10251   320    93     4 -9999 -9999
1935 04 17 18   -50 -9999 10240   320    93     2 -9999 -9999
1935 04 18 06   -78 -9999 10217   340    46     4 -9999 -9999
1935 04 18 12   -50 -9999 10230   320    26     6 -9999 -9999
1935 04 18 18   -61 -9999 10237   320    26     8 -9999 -9999
1935 04 19 06   -61 -9999 10241   340    26     7 -9999 -9999
1935 04 19 12   -50 -9999 10232   320    93     6 -9999 -9999
1935 04 19 18   -50 -9999 10217   340    93     7 -9999 -9999
1935 04 20 06   -50 -9999 10180   320   154     4 -9999 -9999
1935 04 20 12   -39 -9999 10192   320    93     6 -9999 -9999
1935 04 20 18   -61 -9999 10199   290    93     7 -9999 -9999
1935 04 21 06   -72 -9999 10203   290    10     8 -9999 -9999
1935 04 21 12   -39 -9999 10214   250    26     8 -9999 -9999
1935 04 21 18   -11 -9999 10188    70   154     8 -9999 -9999
1935 04 22 06    11 -9999 10103    90   154     8 -9999 -9999
1935 04 22 12    11 -9999 10061    70   123     8 -9999 -9999
1935 04 22 18    22 -9999 -9999    90    67     8 -9999 -9999
1935 04 23 06   -39 -9999 10069   200    67     8 -9999 -9999
1935 04 23 12   -50 -9999 10077   200    93     8 -9999 -9999
1935 04 23 18   -61 -9999 10068   250    67     8 -9999 -9999
1935 04 24 06   -39 -9999 10143   270    93     2 -9999 -9999
1935 04 24 12   -11 -9999 10148   250   123     6 -9999 -9999
1935 04 24 18   -11 -9999 -9999   250   154     7 -9999 -9999
1935 04 25 06   -89 -9999 10156   320    93     2 -9999 -9999
1935 04 25 12   -50 -9999 10171   290    93     4 -9999 -9999
1935 04 25 18   -39 -9999 10166   250    67     4 -9999 -9999
1935 04 26 06   -39 -9999 10152   290    46     1 -9999 -9999
1935 04 26 12   -22 -9999 10157   320    46     1 -9999 -9999
1935 04 26 18   -11 -9999 10158    50    46     2 -9999 -9999
1935 04 27 06   -11 -9999 10158     0     0     7 -9999 -9999
1935 04 27 12     0 -9999 10174   320    26     6 -9999 -9999
1935 04 27 18     0 -9999 10185   270    26     7 -9999 -9999
1935 04 28 06     0 -9999 10188   110    26     6 -9999 -9999
1935 04 28 12    11 -9999 10193   110    46     8 -9999 -9999
1935 04 28 18     0 -9999 10200   110    67     8 -9999 -9999
1935 04 29 06    11 -9999 10213   110    67     8 -9999 -9999
1935 04 29 12    11 -9999 10214    90    67     9 -9999 -9999
1935 04 29 18     0 -9999 10207   110    26     8 -9999 -9999
1935 04 30 06     0 -9999 10193     0     0     7 -9999 -9999
1935 04 30 12    11 -9999 10187   200    46     9 -9999 -9999
1935 04 30 18     0 -9999 10174   270    26     9 -9999 -9999
1935 05 01 06     0 -9999 10160   230    26     7 -9999 -9999
1935 05 01 12     0 -9999 10166   160    26     6 -9999 -9999
1935 05 01 18     0 -9999 10171     0     0     8 -9999 -9999
1935 05 02 06    11 -9999 10183     0     0     8 -9999 -9999
1935 05 02 12     0 -9999 10196    90    46     7 -9999 -9999
1935 05 02 18     0 -9999 10198   140    10     7 -9999 -9999
1935 05 03 06   -11 -9999 10175   160    10     8 -9999 -9999
1935 05 03 12   -11 -9999 10165    70    67     8 -9999 -9999
1935 05 03 18   -11 -9999 10158    90    10     8 -9999 -9999
1935 05 04 06   -22 -9999 10158   140    26     8 -9999 -9999
1935 05 04 12   -11 -9999 10175   290    93     6 -9999 -9999
1935 05 04 18   -22 -9999 10188   290    67     6 -9999 -9999
1935 05 05 06   -22 -9999 10213    50    46     8 -9999 -9999
1935 05 05 12   -22 -9999 10223    70    46     8 -9999 -9999
1935 05 05 18   -11 -9999 10228   320    46     7 -9999 -9999
1935 05 06 06   -28 -9999 10244    70    46     8 -9999 -9999
1935 05 06 12     0 -9999 10230   270    10     8 -9999 -9999
1935 05 06 18    11 -9999 10217   340    26     8 -9999 -9999
1935 05 07 06    11 -9999 10199   230    26     7 -9999 -9999
1935 05 07 12     0 -9999 10186   250    26     9 -9999 -9999
1935 05 07 18    11 -9999 10172   290    46     8 -9999 -9999
1935 05 08 06   -22 -9999 10212   290    93     7 -9999 -9999
1935 05 08 12   -22 -9999 10231   180    10     8 -9999 -9999
1935 05 08 18   -22 -9999 10201   140    26     8 -9999 -9999
1935 05 09 06   -22 -9999 10169   320   154     7 -9999 -9999
1935 05 09 12   -28 -9999 10204   290    93     6 -9999 -9999
1935 05 09 18   -22 -9999 10209   270    10     6 -9999 -9999
1935 05 10 06   -22 -9999 10242   110    26     4 -9999 -9999
1935 05 10 12   -28 -9999 10271   270    26     6 -9999 -9999
1935 05 10 18   -22 -9999 10291    90    26     6 -9999 -9999
1935 05 11 06   -61 -9999 10337   340   123     4 -9999 -9999
1935 05 11 12   -50 -9999 10349   340   154     2 -9999 -9999
1935 05 11 18   -50 -9999 10349   320   123 -9999 -9999 -9999
1935 05 12 06   -50 -9999 10320   320    46     2 -9999 -9999
1935 05 12 12   -39 -9999 10299   320    67     2 -9999 -9999
1935 05 12 18   -28 -9999 10283   200    26     6 -9999 -9999
1935 05 13 06   -22 -9999 10285   320    67     6 -9999 -9999
1935 05 13 12     0 -9999 10284   320    93     4 -9999 -9999
1935 05 13 18   -11 -9999 10278   290    67     1 -9999 -9999
1935 05 14 06   -22 -9999 10232   340   123     7 -9999 -9999
1935 05 14 12   -72 -9999 10252   340   226     7 -9999 -9999
1935 05 14 18   -72 -9999 10277   360   190     4 -9999 -9999
1935 05 15 06   -78 -9999 10259   320   226     7 -9999 -9999
1935 05 15 12   -61 -9999 10289   320   190     6 -9999 -9999
1935 05 15 18   -61 -9999 10280   340   226     4 -9999 -9999
1935 05 16 06   -50 -9999 10283   320   154     6 -9999 -9999
1935 05 16 12   -28 -9999 10294   270    26     7 -9999 -9999
1935 05 16 18   -22 -9999 10283   340    26     7 -9999 -9999
1935 05 17 06   -22 -9999 10220   180    46     8 -9999 -9999
1935 05 17 12   -11 -9999 10202   140    46     8 -9999 -9999
1935 05 17 18     0 -9999 10185   140    46     7 -9999 -9999
1935 05 18 06     0 -9999 10187    90    46     8 -9999 -9999
1935 05 18 12     0 -9999 10208    90    46     8 -9999 -9999
1935 05 18 18     0 -9999 10222    90    26     8 -9999 -9999
1935 05 19 06   -11 -9999 10252    90    46     8 -9999 -9999
1935 05 19 12     0 -9999 10273   140    10     8 -9999 -9999
1935 05 19 18    11 -9999 10276    90    10     8 -9999 -9999
1935 05 20 06     0 -9999 10265   270    10     8 -9999 -9999
1935 05 20 12     0 -9999 10247    90    46     8 -9999 -9999
1935 05 20 18   -11 -9999 10212    90    93     8 -9999 -9999
1935 05 21 06   -11 -9999 10100   230    26     7 -9999 -9999
1935 05 21 12 -9999 -9999 10100   320    93     7 -9999 -9999
1935 05 21 18   -61 -9999 10090   290   123     8 -9999 -9999
1935 05 22 06   -50 -9999 10097   290   226     2 -9999 -9999
1935 05 22 12   -22 -9999 10138   290   154     1 -9999 -9999
1935 05 22 18   -11 -9999 10161   290   154     2 -9999 -9999
1935 05 23 06   -11 -9999 10173   360    26     4 -9999 -9999
1935 05 23 12     0 -9999 10166    90    46     8 -9999 -9999
1935 05 23 18     0 -9999 10147    90    93     8 -9999 -9999
1935 05 24 06     0 -9999 10147    90   123     8 -9999 -9999
1935 05 24 12    11 -9999 10177    70    93     8 -9999 -9999
1935 05 24 18    11 -9999 10180    70    67     8 -9999 -9999
1935 05 25 06     0 -9999 10181   270    67     7 -9999 -9999
1935 05 25 12    11 -9999 10176   180    46     8 -9999 -9999
1935 05 25 18    28 -9999 10166   270    26     6 -9999 -9999
1935 05 26 06    22 -9999 10118   230    67     9 -9999 -9999
1935 05 26 12     0 -9999 10131   270   154     9 -9999 -9999
1935 05 26 18     0 -9999 10146   270    26     8 -9999 -9999
1935 05 27 06   -11 -9999 10230   320   123     2 -9999 -9999
1935 05 27 12     0 -9999 10260   290   123     1 -9999 -9999
1935 05 27 18     0 -9999 10268   320    67     2 -9999 -9999
1935 05 28 06     0 -9999 10256   200    46     8 -9999 -9999
1935 05 28 12     0 -9999 10254     0     0     8 -9999 -9999
1935 05 28 18     0 -9999 10249   110    46     7 -9999 -9999
1935 05 29 06    11 -9999 10243    90    46     8 -9999 -9999
1935 05 29 12    11 -9999 10255    90    67     8 -9999 -9999
1935 05 29 18     0 -9999 10256    90    67     7 -9999 -9999
1935 05 30 06    22 -9999 10243    90    46     8 -9999 -9999
1935 05 30 12    28 -9999 10246    90    46     8 -9999 -9999
1935 05 30 18    22 -9999 10241    90    10     8 -9999 -9999
1935 05 31 06    11 -9999 10216   270    67     8 -9999 -9999
1935 05 31 12     0 -9999 10215   320    93     4 -9999 -9999
1935 05 31 18     0 -9999 10211   340    26     7 -9999 -9999
1935 06 01 06    11 -9999 10210   290    26     7 -9999 -9999
1935 06 01 12    22 -9999 10223    90    93     7 -9999 -9999
1935 06 01 18    22 -9999 10225   110    10     8 -9999 -9999
1935 06 02 06     0 -9999 10234   180    26     8 -9999 -9999
1935 06 02 12     0 -9999 10242   140    46     8 -9999 -9999
1935 06 02 18     0 -9999 10238   340    46     8 -9999 -9999
1935 06 03 06   -11 -9999 10201   340    67     8 -9999 -9999
1935 06 03 12     0 -9999 10195   200    26     7 -9999 -9999
1935 06 03 18   -11 -9999 10192    90    26     7 -9999 -9999
1935 06 04 06  -122 -9999 10174   320    46     7 -9999 -9999
1935 06 04 12   -11 -9999 10170   340    93     7 -9999 -9999
1935 06 04 18     0 -9999 10170   110    46     6 -9999 -9999
1935 06 05 06   -22 -9999 10152   340   154     6 -9999 -9999
1935 06 05 12     0 -9999 10142   290    46     6 -9999 -9999
1935 06 05 18    22 -9999 10152   200    46     7 -9999 -9999
1935 06 06 06    11 -9999 10140   180    67     6 -9999 -9999
1935 06 06 12    11 -9999 10137   110    26     7 -9999 -9999
1935 06 06 18     0 -9999 10129    90    10     7 -9999 -9999
1935 06 07 06    39 -9999 10061    50   123     8 -9999 -9999
1935 06 07 12    50 -9999 10060    90    93     6 -9999 -9999
1935 06 07 18    28 -9999 10067   360    26     6 -9999 -9999
1935 06 08 06    22 -9999 10070   180    26     4 -9999 -9999
1935 06 08 12    50 -9999 10067   180    26     7 -9999 -9999
1935 06 08 18    89 -9999 10053    50   190     6 -9999 -9999
1935 06 09 06    50 -9999 10092    90   226     7 -9999 -9999
1935 06 09 12    28 -9999 10126    90   190     6 -9999 -9999
1935 06 09 18    39 -9999 10151   270   123     6 -9999 -9999
1935 06 10 06     0 -9999 10212   320    26     7 -9999 -9999
1935 06 10 12     0 -9999 10227    90    67     8 -9999 -9999
1935 06 11 06   -11 -9999 10229    90    26     7 -9999 -9999
1935 06 11 18 -9999 -9999 -9999   140    67     8 -9999 -9999
1935 06 12 06   -11 -9999 10215   200    10     7 -9999 -9999
1935 06 12 12    11 -9999 10209   160    67     4 -9999 -9999
1935 06 12 18    11 -9999 10202   160    67     2 -9999 -9999
1935 06 13 06    28 -9999 10189    70   226     4 -9999 -9999
1935 06 13 12    50 -9999 10224   230    46     2 -9999 -9999
1935 06 13 18    11 -9999 10225   180    67     2 -9999 -9999
1935 06 14 06     0 -9999 10220   160    26     4 -9999 -9999
1935 06 14 18    22 -9999 10217   140    26     4 -9999 -9999
1935 06 15 06     0 -9999 10198   230    26     7 -9999 -9999
1935 06 15 12 -9999 -9999 -9999   180    46     7 -9999 -9999
1935 06 15 18 -9999 -9999 10199 -9999    46     6 -9999 -9999
1935 06 16 06    11 -9999 10190   360    26     4 -9999 -9999
1935 06 16 12    28 -9999 10182   110    46     2 -9999 -9999
1935 06 16 18    11 -9999 10172   110    26     4 -9999 -9999
1935 06 17 06    11 -9999 10132   290    93     8 -9999 -9999
1935 06 17 12    22 -9999 10127   180    26     8 -9999 -9999
1935 06 17 18    39 -9999 10121   360    93     7 -9999 -9999
1935 06 18 06    28 -9999 10124   340    26     2 -9999 -9999
1935 06 18 12    22 -9999 10140   250    93     2 -9999 -9999
1935 06 18 18    11 -9999 10153   290    93     2 -9999 -9999
1935 06 19 06    11 -9999 10143   200    10     8 -9999 -9999
1935 06 19 12    22 -9999 10134   200    46     8 -9999 -9999
1935 06 19 18    11 -9999 10131   200    67     8 -9999 -9999
1935 06 20 06    11 -9999 10121   200    26     8 -9999 -9999
1935 06 20 12    11 -9999 10127   180    10     9 -9999 -9999
1935 06 20 18    11 -9999 10134   200    26     9 -9999 -9999
1935 06 21 06    50 -9999 10132    90    93     8 -9999 -9999
1935 06 21 12    61 -9999 10121    90   154     8 -9999 -9999
1935 06 21 18    39 -9999 10078    90   226     8 -9999 -9999
1935 06 22 06    50 -9999 10001    70    46     8 -9999 -9999
1935 06 22 12    50 -9999 10027    90    46     9 -9999 -9999
1935 06 22 18    50 -9999 10026    70    67     9 -9999 -9999
1935 06 23 06    28 -9999 10053     0     0     9 -9999 -9999
1935 06 23 12    22 -9999 10108   180    26     9 -9999 -9999
1935 06 23 18    22 -9999 10130   160    26     9 -9999 -9999
1935 06 24 06    39 -9999 10125   110    46     9 -9999 -9999
1935 06 24 18    28 -9999 10119    70    67     9 -9999 -9999
1935 06 25 06    28 -9999 10066   270    46     9 -9999 -9999
1935 06 25 12    22 -9999 10098   230   154     6 -9999 -9999
1935 06 25 18    39 -9999 10132   270   190     7 -9999 -9999
1935 06 26 06    22 -9999 10170     0     0     9 -9999 -9999
1935 06 26 18    50 -9999 10178    90    26     8 -9999 -9999
1935 06 27 06    22 -9999 10174    90 -9999     9 -9999 -9999
1935 06 27 12    72 -9999 10170    70    67     8 -9999 -9999
1935 06 27 18    72 -9999 10164    70    67     4 -9999 -9999
1935 06 28 06    50 -9999 10141    90    93     8 -9999 -9999
1935 06 28 12    50 -9999 10144    70   123     8 -9999 -9999
1935 06 28 18    50 -9999 10150    70    46     8 -9999 -9999
1935 06 29 06    50 -9999 10139    90    93     8 -9999 -9999
1935 06 29 12    50 -9999 10143    70    67     8 -9999 -9999
1935 06 29 18    50 -9999 10148     0     0     9 -9999 -9999
1935 06 30 06    50 -9999 10136    90    93     8 -9999 -9999
1935 06 30 12    72 -9999 10131   110    67     9 -9999 -9999
1935 06 30 18    61 -9999 10126   110    67     8 -9999 -9999
1935 07 01 06    50 -9999 10136   140    26     9 -9999 -9999
1935 07 01 12    61 -9999 10146   140    46     9 -9999 -9999
1935 07 01 18    50 -9999 10145    90    67     9 -9999 -9999
1935 07 02 06    61 -9999 10143    70    93     9 -9999 -9999
1935 07 02 18    72 -9999 10159    90    46     7 -9999 -9999
1935 07 03 06    50 -9999 10115    90   123     7 -9999 -9999
1935 07 03 12   111 -9999 10104    70   154     7 -9999 -9999
1935 07 03 18    50 -9999 10098    70   123     7 -9999 -9999
1935 07 04 06    50 -9999 10089   290    46     4 -9999 -9999
1935 07 04 12    39 -9999 10098   180    46     8 -9999 -9999
1935 07 04 18    28 -9999 10101   180    46     8 -9999 -9999
1935 07 05 06    22 -9999 10108   140    26     8 -9999 -9999
1935 07 05 12    28 -9999 10117   320    46     8 -9999 -9999
1935 07 05 18    22 -9999 10117   320    93     6 -9999 -9999
1935 07 06 06    11 -9999 10118   340    93     8 -9999 -9999
1935 07 06 12    28 -9999 10127   340    67     7 -9999 -9999
1935 07 06 18    28 -9999 10132   110    26     8 -9999 -9999
1935 07 07 06    11 -9999 10120   160    26     8 -9999 -9999
1935 07 07 12    22 -9999 10120   140    26     7 -9999 -9999
1935 07 07 18    28 -9999 10117   110    46     8 -9999 -9999
1935 07 08 06    28 -9999 10122     0     0     7 -9999 -9999
1935 07 08 12    50 -9999 10146     0     0     8 -9999 -9999
1935 07 08 18    39 -9999 10149   110    46     7 -9999 -9999
1935 07 09 06    50 -9999 10140    70    93     7 -9999 -9999
1935 07 09 12    39 -9999 10125    70   190     6 -9999 -9999
1935 07 09 18    72 -9999 10085    70   226     8 -9999 -9999
1935 07 10 06    61 -9999 10036    70    67     8 -9999 -9999
1935 07 10 12    61 -9999 10027    70    67     8 -9999 -9999
1935 07 10 18    61 -9999 10012    70   123     8 -9999 -9999
1935 07 11 06    61 -9999  9987    90    46     9 -9999 -9999
1935 07 11 12    39 -9999 10016   180    26     9 -9999 -9999
1935 07 11 18    28 -9999 10041   180    10     9 -9999 -9999
1935 07 12 06    61 -9999 10025    90    67     9 -9999 -9999
1935 07 12 12    61 -9999 10025    90    46     9 -9999 -9999
1935 07 12 18    61 -9999 10018    90    67     9 -9999 -9999
1935 07 13 06    72 -9999  9983   230    67     4 -9999 -9999
1935 07 13 12    61 -9999 10002   110    26     4 -9999 -9999
1935 07 13 18    61 -9999 10011   140    26     4 -9999 -9999
1935 07 14 06    61 -9999 10062   250    46     7 -9999 -9999
1935 07 14 12    72 -9999 10092   200    10     7 -9999 -9999
1935 07 14 18    61 -9999 10098   180    26     7 -9999 -9999
1935 07 15 06    61 -9999 10089    90   123     9 -9999 -9999
1935 07 15 12    61 -9999 10082    70    93     8 -9999 -9999
1935 07 15 18    61 -9999 10060    70   154     9 -9999 -9999
1935 07 16 06    72 -9999 10020    70   226     8 -9999 -9999
1935 07 16 12    72 -9999 10024    20   154     8 -9999 -9999
1935 07 16 18    72 -9999 10020    70 -9999 -9999 -9999 -9999
1935 07 17 06    72 -9999 10053    70   154     6 -9999 -9999
1935 07 17 12    78 -9999 10064    90    93     7 -9999 -9999
1935 07 17 18    72 -9999 10071    90   154     7 -9999 -9999
1935 07 18 06    50 -9999 10172    90    46     8 -9999 -9999
1935 07 18 12    61 -9999 10089    90   190     8 -9999 -9999
1935 07 18 18    50 -9999 10093    90   154     7 -9999 -9999
1935 07 19 06    50 -9999 10104   180    26     6 -9999 -9999
1935 07 19 12    28 -9999 10115   110    26     9 -9999 -9999
1935 07 19 18    50 -9999 10095   140    26     7 -9999 -9999
1935 07 20 06    39 -9999 10010   340   123     8 -9999 -9999
1935 07 20 12    72 -9999  9990    70    26     6 -9999 -9999
1935 07 20 18    72 -9999  9985    90    93     7 -9999 -9999
1935 07 21 06    39 -9999 10031   140    67     8 -9999 -9999
1935 07 21 12    61 -9999 10079   110    67     6 -9999 -9999
1935 07 21 18    61 -9999 10116    90    46     8 -9999 -9999
1935 07 22 06    61 -9999 10159    90    67     8 -9999 -9999
1935 07 22 12    72 -9999 10169    70    67     8 -9999 -9999
1935 07 22 18    72 -9999 10162    90    26     8 -9999 -9999
1935 07 23 06    50 -9999 10078    70   154     8 -9999 -9999
1935 07 23 12    50 -9999 10016    50    93     8 -9999 -9999
1935 07 23 18    50 -9999  9985   230    26     8 -9999 -9999
1935 07 24 06    28 -9999  9980   290    93     9 -9999 -9999
1935 07 24 12    28 -9999 10002   290    93     8 -9999 -9999
1935 07 24 18    28 -9999 10021   290   154     8 -9999 -9999
1935 07 25 06    22 -9999 10035   270   123     8 -9999 -9999
1935 07 25 12    39 -9999 10040   290    67     7 -9999 -9999
1935 07 25 18    28 -9999 10039   360    26     6 -9999 -9999
1935 07 26 06    39 -9999 10048   360    26     8 -9999 -9999
1935 07 26 12    61 -9999 10060    50    26     6 -9999 -9999
1935 07 26 18    50 -9999 10041     0     0     6 -9999 -9999
1935 07 27 06    39 -9999 10009    90    10     7 -9999 -9999
1935 07 27 12    50 -9999 10001   270    26     7 -9999 -9999
1935 07 27 18    50 -9999 10004   230    46     8 -9999 -9999
1935 07 28 06    39 -9999 10053   270    46     8 -9999 -9999
1935 07 28 12    61 -9999 10080   360    93     8 -9999 -9999
1935 07 28 18    61 -9999 10096   340   154     7 -9999 -9999
1935 07 29 06    50 -9999 10128   340   154     6 -9999 -9999
1935 07 29 12    61 -9999 -9999   320    93     6 -9999 -9999
1935 07 29 18    61 -9999 10154    50    46     6 -9999 -9999
1935 07 30 06    61 -9999 10152     0     0     1 -9999 -9999
1935 07 30 12    89 -9999 10150   200    26     2 -9999 -9999
1935 07 30 18    78 -9999 10152   140    46     4 -9999 -9999
1935 07 31 06    89 -9999 10184    90    67     8 -9999 -9999
1935 07 31 12    61 -9999 10124    90   123     8 -9999 -9999
1935 07 31 18    61 -9999 10088    70   226     8 -9999 -9999
1935 08 01 06    61 -9999 10034    90    67     8 -9999 -9999
1935 08 01 12    61 -9999 10023    90    46     8 -9999 -9999
1935 08 01 18    61 -9999 10009    90    46     8 -9999 -9999
1935 08 02 12    28 -9999 10034   270    93     9 -9999 -9999
1935 08 02 18    22 -9999 10031   270   123     8 -9999 -9999
1935 08 03 06    22 -9999 10048   270   154     8 -9999 -9999
1935 08 03 12    22 -9999 10070   270   154     8 -9999 -9999
1935 08 03 18    22 -9999 10081   270   154     8 -9999 -9999
1935 08 04 06    28 -9999 10098   290   123     8 -9999 -9999
1935 08 04 12    39 -9999 10115   180    46     7 -9999 -9999
1935 08 04 18    39 -9999 10112   200    46     9 -9999 -9999
1935 08 05 06    22 -9999 10039   230    10     9 -9999 -9999
1935 08 05 12    61 -9999 10135   110    46     7 -9999 -9999
1935 08 05 18    61 -9999 10107    90    93     8 -9999 -9999
1935 08 06 06    61 -9999 10048   110    93     8 -9999 -9999
1935 08 06 12    72 -9999 10032    70    93     9 -9999 -9999
1935 08 06 18    72 -9999 10009    90    10     9 -9999 -9999
1935 08 07 06    39 -9999  9965   110    46     8 -9999 -9999
1935 08 07 12    50 -9999  9959   230    46     8 -9999 -9999
1935 08 07 18    39 -9999  9953   180    46     8 -9999 -9999
1935 08 08 06    50 -9999  9965   110    10     9 -9999 -9999
1935 08 08 12    50 -9999  9988   110    26     7 -9999 -9999
1935 08 08 18    61 -9999  9991    70    46     8 -9999 -9999
1935 08 09 06    78 -9999  9952    50   123     8 -9999 -9999
1935 08 09 12    78 -9999  9946    90    46     8 -9999 -9999
1935 08 09 18    89 -9999  9931   270    46     7 -9999 -9999
1935 08 10 06    50 -9999  9909   110    67     6 -9999 -9999
1935 08 10 12    89 -9999  9920   320    93     6 -9999 -9999
1935 08 10 18    72 -9999  9921    20    46     6 -9999 -9999
1935 08 11 06    78 -9999  9958   360    93     7 -9999 -9999
1935 08 11 12    28 -9999  9992   320    67     7 -9999 -9999
1935 08 11 18    22 -9999  9993   320   226     8 -9999 -9999
1935 08 12 06    28 -9999 10001   320   190     6 -9999 -9999
1935 08 12 12    72 -9999 10010   340    26     8 -9999 -9999
1935 08 12 18    50 -9999 10008   320   190     7 -9999 -9999
1935 08 13 06    28 -9999 10082   320   154     9 -9999 -9999
1935 08 13 12    28 -9999 10020   320   154     7 -9999 -9999
1935 08 13 18    50 -9999 10025   320   123     7 -9999 -9999
1935 08 14 06    72 -9999 10055   340    93     6 -9999 -9999
1935 08 14 12    72 -9999 10072   340    93     6 -9999 -9999
1935 08 14 18    61 -9999 10089   340   123     7 -9999 -9999
1935 08 15 06    28 -9999 10129   290    67     7 -9999 -9999
1935 08 15 12    50 -9999 10149   270   123     4 -9999 -9999
1935 08 15 18    28 -9999 10166   290    93     8 -9999 -9999
1935 08 16 06    28 -9999 10179   290    10     8 -9999 -9999
1935 08 16 12    50 -9999 10178    50    46     8 -9999 -9999
1935 08 16 18    50 -9999 10148    70    67     8 -9999 -9999
1935 08 17 06    28 -9999 10134   180    46     8 -9999 -9999
1935 08 17 12    39 -9999 10139   270    67     8 -9999 -9999
1935 08 17 18    39 -9999 10145   270    93     7 -9999 -9999
1935 08 18 06    28 -9999 10158   340    46     8 -9999 -9999
1935 08 18 12    39 -9999 10129    90    67     8 -9999 -9999
1935 08 18 18    72 -9999 10097    70    67     9 -9999 -9999
1935 08 19 06    72 -9999 10032    70    93     8 -9999 -9999
1935 08 19 12    78 -9999 10036    70    67     9 -9999 -9999
1935 08 19 18    72 -9999 10033    70    67     9 -9999 -9999
1935 08 20 06    50 -9999 10042    90    67     9 -9999 -9999
1935 08 20 12    72 -9999 10016    70   123     8 -9999 -9999
1935 08 20 18    78 -9999  9935    70   154     9 -9999 -9999
1935 08 21 06    61 -9999  9991   160    93     9 -9999 -9999
1935 08 21 12    61 -9999 10022   110    67     9 -9999 -9999
1935 08 21 18    61 -9999 10027    90    67     9 -9999 -9999
1935 08 22 06    39 -9999 10074    70    26     6 -9999 -9999
1935 08 22 12    61 -9999 10070   160    26     8 -9999 -9999
1935 08 22 18    72 -9999 10066    50    46     8 -9999 -9999
1935 08 23 06    78 -9999 10095    70    93     9 -9999 -9999
1935 08 23 12    78 -9999 10088    90    67     8 -9999 -9999
1935 08 23 18    78 -9999 10055    90    67     8 -9999 -9999
1935 08 24 06    61 -9999 10059    90    46     8 -9999 -9999
1935 08 24 12    72 -9999 10054    70    67     9 -9999 -9999
1935 08 24 18    72 -9999 10042    70    67     9 -9999 -9999
1935 08 25 06    72 -9999 10003    70   123     9 -9999 -9999
1935 08 25 12    72 -9999 10009    70    93     9 -9999 -9999
1935 08 25 18    72 -9999 10011    70   123     8 -9999 -9999
1935 08 26 06    72 -9999 10020    70    93     8 -9999 -9999
1935 08 26 12    78 -9999 10036    50   123     6 -9999 -9999
1935 08 27 06    72 -9999  9974   290    26     4 -9999 -9999
1935 08 27 12    50 -9999 10040   270   123     8 -9999 -9999
1935 08 27 18    39 -9999 10121   290   123     7 -9999 -9999
1935 08 28 06    28 -9999 10216   290    93     4 -9999 -9999
1935 08 28 12    72 -9999 10138   140    26     4 -9999 -9999
1935 08 28 18    61 -9999 10237   140    10     2 -9999 -9999
1935 08 29 06    39 -9999 10235   230    10     0 -9999 -9999
1935 08 29 12    72 -9999 10245   110    67     1 -9999 -9999
1935 08 29 18    61 -9999 10245   110    26     6 -9999 -9999
1935 08 30 06    28 -9999 10223   250    26     9 -9999 -9999
1935 08 30 12    61 -9999 10216   200    26     8 -9999 -9999
1935 08 30 18    61 -9999 10209   200    26     6 -9999 -9999
1935 08 31 06    22 -9999 10210   230    26     9 -9999 -9999
1935 08 31 12    61 -9999 10204   180    26     4 -9999 -9999
1935 08 31 18    72 -9999 10198   230    46     1 -9999 -9999
1935 09 01 06    50 -9999 10173   230    10     2 -9999 -9999
1935 09 01 12    61 -9999 10171   180    26     4 -9999 -9999
1935 09 01 18    39 -9999 10174   180    93     8 -9999 -9999
1935 09 02 06    22 -9999 10194   270    26     8 -9999 -9999
1935 09 02 12    39 -9999 10198   230    10     8 -9999 -9999
1935 09 03 06    28 -9999 10192   270    10     8 -9999 -9999
1935 09 03 12    22 -9999 10193   250    67     8 -9999 -9999
1935 09 03 18    28 -9999 10182   290    26     8 -9999 -9999
1935 09 04 06    22 -9999 10155   340    26     6 -9999 -9999
1935 09 04 12    28 -9999 10159 -9999    46     7 -9999 -9999
1935 09 04 18    28 -9999 10158   160    26     6 -9999 -9999
1935 09 05 06    22 -9999 10166   230    26     7 -9999 -9999
1935 09 05 12    50 -9999 -9999   180    26     4 -9999 -9999
1935 09 05 18    39 -9999 10181   180    26     7 -9999 -9999
1935 09 06 06    11 -9999 10185   340    93     6 -9999 -9999
1935 09 06 12    39 -9999 10197   290    67     6 -9999 -9999
1935 09 06 18    28 -9999 10211   320    67     7 -9999 -9999
1935 09 07 06    28 -9999 10225   290   123     7 -9999 -9999
1935 09 07 12    28 -9999 10243   270    93     6 -9999 -9999
1935 09 07 18    11 -9999 10249   320    93     7 -9999 -9999
1935 09 08 06     0 -9999 10265   270    46     8 -9999 -9999
1935 09 08 12    28 -9999 10271   200    46     8 -9999 -9999
1935 09 08 18    22 -9999 10273   250    67     8 -9999 -9999
1935 09 09 06    22 -9999 10275   360    93     2 -9999 -9999
1935 09 09 12    28 -9999 10278   160    46     2 -9999 -9999
1935 09 09 18    22 -9999 10278   160    26     4 -9999 -9999
1935 09 10 06    22 -9999 10236   360    46     6 -9999 -9999
1935 09 10 12    39 -9999 10213   110    46     8 -9999 -9999
1935 09 10 18    50 -9999 10189   140    67     8 -9999 -9999
1935 09 11 06    50 -9999 10154   110    67     8 -9999 -9999
1935 09 11 12    61 -9999 10164    90    67     8 -9999 -9999
1935 09 11 18    50 -9999 10159    90    93     8 -9999 -9999
1935 09 12 06    39 -9999 10170    50   123     6 -9999 -9999
1935 09 12 12    50 -9999 10166    50   154     4 -9999 -9999
1935 09 12 18    50 -9999 10149    50   154     2 -9999 -9999
1935 09 13 06    39 -9999 10135    70   154     6 -9999 -9999
1935 09 13 12    50 -9999 10142    50   123     6 -9999 -9999
1935 09 13 18    28 -9999 10130    70   190     4 -9999 -9999
1935 09 14 06    22 -9999 10114   110    26     4 -9999 -9999
1935 09 14 12    39 -9999 10107   360    26     4 -9999 -9999
1935 09 14 18    28 -9999 10095   360    67     6 -9999 -9999
1935 09 15 06    11 -9999 10080   340    10     4 -9999 -9999
1935 09 15 12    50 -9999 10083   320    26     6 -9999 -9999
1935 09 15 18    50 -9999 10077    90   154     6 -9999 -9999
1935 09 16 06    22 -9999 10080   360    26     4 -9999 -9999
1935 09 16 12    61 -9999 10074    90    67     6 -9999 -9999
1935 09 16 18    39 -9999 10063   200    26     6 -9999 -9999
1935 09 17 06    39 -9999 10084    50    46     4 -9999 -9999
1935 09 17 12    61 -9999 10040   270   226     4 -9999 -9999
1935 09 18 06    22 -9999  9999   290   123     2 -9999 -9999
1935 09 18 12    28 -9999  9981   340   226     2 -9999 -9999
1935 09 18 18    11 -9999  9979   340   226     6 -9999 -9999
1935 09 19 06    11 -9999  9943   340   226     4 -9999 -9999
1935 09 19 12    28 -9999  9898   320   226     6 -9999 -9999
1935 09 19 18    61 -9999  9912   340   123     6 -9999 -9999
1935 09 20 06    39 -9999  9953   160   123     6 -9999 -9999
1935 09 20 12    39 -9999  9998   230   154     6 -9999 -9999
1935 09 20 18    28 -9999 10041   160    93     6 -9999 -9999
1935 09 21 06     0 -9999 10125   320    67     2 -9999 -9999
1935 09 21 12     0 -9999 10154   290   123     4 -9999 -9999
1935 09 21 18    11 -9999 10162   290    67     2 -9999 -9999
1935 09 22 06     0 -9999 10180 -9999 -9999     2 -9999 -9999
1935 09 22 12    39 -9999 10196 -9999    26     4 -9999 -9999
1935 09 23 06     0 -9999 10201   360    26     8 -9999 -9999
1935 09 23 12     0 -9999 10210   340    46     8 -9999 -9999
1935 09 23 18     0 -9999 10212   290    10     8 -9999 -9999
1935 09 24 06   -22 -9999 10224   290    26     8 -9999 -9999
1935 09 24 12     0 -9999 10229   270    26     7 -9999 -9999
1935 09 24 18     0 -9999 10230   200    10     6 -9999 -9999
1935 09 25 06   -11 -9999 10233   320    46     4 -9999 -9999
1935 09 25 12     0 -9999 10238   270    46     7 -9999 -9999
1935 09 25 18     0 -9999 10235   270    26     9 -9999 -9999
1935 09 26 06    11 -9999 10214   110    26     7 -9999 -9999
1935 09 26 12    22 -9999 10214   110    67     8 -9999 -9999
1935 09 26 18    22 -9999 10201   110    26     6 -9999 -9999
1935 09 27 06    22 -9999 10181   160    10     8 -9999 -9999
1935 09 27 12    28 -9999 10173   230   226     6 -9999 -9999
1935 09 27 18    11 -9999 10168   230    26     6 -9999 -9999
1935 09 28 06   -11 -9999 10162   230    26     6 -9999 -9999
1935 09 28 12     0 -9999 10145    90    26     6 -9999 -9999
1935 09 28 18    11 -9999 10124   160    26     6 -9999 -9999
1935 09 29 06    28 -9999 10027    50    67     4 -9999 -9999
1935 09 29 12    39 -9999 10004    70    93     7 -9999 -9999
1935 09 29 18    39 -9999 10005    70    67     8 -9999 -9999
1935 09 30 06    22 -9999 10033    70    46     6 -9999 -9999
1935 09 30 12    50 -9999 10060    50    46     6 -9999 -9999
1935 09 30 18    28 -9999 10075    70    46     6 -9999 -9999
1935 10 01 06   -11 -9999 10123   270    46     8 -9999 -9999
1935 10 01 12   -11 -9999 10130   230    26     8 -9999 -9999
1935 10 01 18   -22 -9999 10123   250    26     8 -9999 -9999
1935 10 02 06   -11 -9999 10078   180    26     6 -9999 -9999
1935 10 02 12     0 -9999 10084   250    26     4 -9999 -9999
1935 10 02 18   -11 -9999 10105   250    26     4 -9999 -9999
1935 10 03 06   -11 -9999 10149   340    10     6 -9999 -9999
1935 10 03 12     0 -9999 10159   140    46     8 -9999 -9999
1935 10 03 18     0 -9999 10162   340    67     8 -9999 -9999
1935 10 04 06   -11 -9999 10155   160    46     8 -9999 -9999
1935 10 04 12   -11 -9999 10152   340    10     8 -9999 -9999
1935 10 04 18   -28 -9999 10152   320   123     6 -9999 -9999
1935 10 05 06   -22 -9999 10145   320    26     8 -9999 -9999
1935 10 05 12   -11 -9999 10138   230    26     8 -9999 -9999
1935 10 05 18   -22 -9999 10125   290    26     6 -9999 -9999
1935 10 06 06   -22 -9999  9991   320    93     8 -9999 -9999
1935 10 06 12   -11 -9999 10085   230    10     4 -9999 -9999
1935 10 06 18     0 -9999 10074    70    46     8 -9999 -9999
1935 10 07 06    28 -9999  9980   140   154     8 -9999 -9999
1935 10 07 12    39 -9999  9926   140   123     8 -9999 -9999
1935 10 07 18    39 -9999  9860   110   190     8 -9999 -9999
1935 10 08 06    22 -9999  9822   160    46     8 -9999 -9999
1935 10 08 12    11 -9999  9828   200    26     8 -9999 -9999
1935 10 09 06    28 -9999  9896    90    67     8 -9999 -9999
1935 10 09 12    28 -9999  9914    70    67     8 -9999 -9999
1935 10 09 18    28 -9999  9922    90    46     6 -9999 -9999
1935 10 10 06    11 -9999  9935   270    46     6 -9999 -9999
1935 10 10 12    22 -9999  9903   180    26     6 -9999 -9999
1935 10 10 18     0 -9999  9891   320    10     7 -9999 -9999
1935 10 11 06     0 -9999  9875   320   226     8 -9999 -9999
1935 10 11 12   -11 -9999  9881   290   190     8 -9999 -9999
1935 10 11 18   -11 -9999  9888   320   154     6 -9999 -9999
1935 10 12 06     0 -9999  9871   290   190     6 -9999 -9999
1935 10 12 12     0 -9999  9855   290   190     8 -9999 -9999
1935 10 12 18     0 -9999  9837   290    93     9 -9999 -9999
1935 10 13 06    11 -9999  9788   340    10     8 -9999 -9999
1935 10 13 12    22 -9999  9827   320   226     6 -9999 -9999
1935 10 13 18     0 -9999  9857   270   226     8 -9999 -9999
1935 10 14 06     0 -9999  9899   270    93     7 -9999 -9999
1935 10 14 12     0 -9999  9930   290    67     4 -9999 -9999
1935 10 14 18     0 -9999  9946   320    46     6 -9999 -9999
1935 10 15 06     0 -9999  9986    20    26     4 -9999 -9999
1935 10 15 12    22 -9999 10015   340    93     4 -9999 -9999
1935 10 15 18    22 -9999 10033   320   123     6 -9999 -9999
1935 10 16 06     0 -9999 10013   320    67     6 -9999 -9999
1935 10 16 12    11 -9999  9982   250    26     6 -9999 -9999
1935 10 16 18    11 -9999  9947   340    46     4 -9999 -9999
1935 10 17 06     0 -9999  9869   340   226     8 -9999 -9999
1935 10 17 12     0 -9999  9871   360   226     8 -9999 -9999
1935 10 17 18     0 -9999  9846   360   226     8 -9999 -9999
1935 10 18 06   -22 -9999  9975   320   226     4 -9999 -9999
1935 10 18 12   -11 -9999  9999   340   190     4 -9999 -9999
1935 10 18 18   -22 -9999  9997   340   123     4 -9999 -9999
1935 10 19 06   -50 -9999 10007   340   154     6 -9999 -9999
1935 10 19 12   -50 -9999  9999   320   226     6 -9999 -9999
1935 10 19 18   -50 -9999  9967   320   226     6 -9999 -9999
1935 10 20 06   -50 -9999  9922   320   226     9 -9999 -9999
1935 10 20 12   -50 -9999  9958   320   226     9 -9999 -9999
1935 10 20 18   -50 -9999  9959   320   226     8 -9999 -9999
1935 10 21 06   -11 -9999 10008   320   226     8 -9999 -9999
1935 10 21 12   -11 -9999 10023 -9999 -9999     4 -9999 -9999
1935 10 21 18   -22 -9999 10049   320   123     4 -9999 -9999
1935 10 22 06     0 -9999 10048   360    10     8 -9999 -9999
1935 10 22 12     0 -9999 10044   360    10     8 -9999 -9999
1935 10 22 18     0 -9999 10043    90    26     7 -9999 -9999
1935 10 23 06    22 -9999 10019    70   123     8 -9999 -9999
1935 10 23 12    28 -9999  9984    90   226     8 -9999 -9999
1935 10 23 18    39 -9999  9955    70   226     8 -9999 -9999
1935 10 24 06    28 -9999  9940    90    93     8 -9999 -9999
1935 10 24 12    39 -9999  9964    90    93     9 -9999 -9999
1935 10 24 18    28 -9999  9997   110    67     9 -9999 -9999
1935 10 25 12    28 -9999 10006   140   154     8 -9999 -9999
1935 10 25 18    22 -9999 10017   140    46     9 -9999 -9999
1935 10 26 06    28 -9999  9956    90   154     6 -9999 -9999
1935 10 26 12    50 -9999  9880    70   226     8 -9999 -9999
1935 10 26 18    50 -9999  9872    50   226     8 -9999 -9999
1935 10 27 06    22 -9999  9968    50   123     4 -9999 -9999
1935 10 27 12    22 -9999  9989   320    93     4 -9999 -9999
1935 10 27 18    11 -9999 10007   110    46     6 -9999 -9999
1935 10 28 06     0 -9999 10038   340    93     8 -9999 -9999
1935 10 28 12     0 -9999 10039   320    93     6 -9999 -9999
1935 10 28 18     0 -9999 10025   320    46     6 -9999 -9999
1935 10 29 06   -11 -9999  9952   290    46     2 -9999 -9999
1935 10 29 12     0 -9999 10006   290    46     7 -9999 -9999
1935 10 29 18     0 -9999  9879   270    26     6 -9999 -9999
1935 10 30 06   -28 -9999  9824   360    46     4 -9999 -9999
1935 10 30 12   -11 -9999  9826   290    46     7 -9999 -9999
1935 10 30 18     0 -9999  9849   230    10     4 -9999 -9999
1935 10 31 06    28 -9999  9832    50   226     8 -9999 -9999
1935 10 31 12    28 -9999  9831    50   190     7 -9999 -9999
1935 10 31 18    28 -9999  9805    50   154     8 -9999 -9999
1935 11 01 06    39 -9999  9741    70    93     4 -9999 -9999
1935 11 01 12    39 -9999  9776    50    93     7 -9999 -9999
1935 11 01 18    11 -9999  9797   270    26     7 -9999 -9999
1935 11 02 06    11 -9999  9896   270    10     8 -9999 -9999
1935 11 02 12    11 -9999  9947   200    26     7 -9999 -9999
1935 11 02 18     0 -9999  9881   200    46     8 -9999 -9999
1935 11 03 06   -11 -9999 10050   340    67     7 -9999 -9999
1935 11 03 12   -22 -9999 10061   340    67     6 -9999 -9999
1935 11 03 18   -28 -9999 10091   320    46     4 -9999 -9999
1935 11 04 06   -39 -9999 10172   340    26     2 -9999 -9999
1935 11 04 12   -22 -9999 10193   340    26     4 -9999 -9999
1935 11 04 18   -28 -9999 10194   340    46     4 -9999 -9999
1935 11 05 06    39 -9999 10125    70   154     8 -9999 -9999
1935 11 05 12    50 -9999 10137    70   154     8 -9999 -9999
1935 11 05 18    39 -9999 10138    70   123     9 -9999 -9999
1935 11 06 06    28 -9999 10148    90    46     9 -9999 -9999
1935 11 06 12    11 -9999 10156    90    26     9 -9999 -9999
1935 11 06 18    11 -9999 10143    90    10     9 -9999 -9999
1935 11 07 06    11 -9999 10129    90    10     9 -9999 -9999
1935 11 07 12     0 -9999 10131    90    10     9 -9999 -9999
1935 11 07 18     0 -9999 10127   140    10     9 -9999 -9999
1935 11 08 06    28 -9999 10101    90    67     7 -9999 -9999
1935 11 08 12    39 -9999 10086    90   154     8 -9999 -9999
1935 11 08 18    28 -9999 10089    70    93     8 -9999 -9999
1935 11 09 06    22 -9999 10125    90    10     8 -9999 -9999
1935 11 09 12    22 -9999 10138    70    10     6 -9999 -9999
1935 11 09 18    11 -9999 10146    90    10     6 -9999 -9999
1935 11 10 06    11 -9999 10143   340    93     4 -9999 -9999
1935 11 10 18     0 -9999 10122     0     0     9 -9999 -9999
1935 11 11 06    22 -9999 10051   340    26     8 -9999 -9999
1935 11 11 12    28 -9999 10040    70    93     8 -9999 -9999
1935 11 11 18    28 -9999 10040    70    67     8 -9999 -9999
1935 11 12 06    39 -9999 10088    90    67     8 -9999 -9999
1935 11 12 12    50 -9999 10120    90    67     8 -9999 -9999
1935 11 12 18    39 -9999 10135    90    46     8 -9999 -9999
1935 11 13 06    39 -9999 10129    70   123     6 -9999 -9999
1935 11 13 12    28 -9999 10127    70   123     8 -9999 -9999
1935 11 13 18    28 -9999 10123    70   123     8 -9999 -9999
1935 11 14 06    39 -9999 10117    70   154     8 -9999 -9999
1935 11 14 12    39 -9999 10130    70   123     6 -9999 -9999
1935 11 14 18    28 -9999 10129    50   226     2 -9999 -9999
1935 11 15 06    28 -9999 10084    50   226     6 -9999 -9999
1935 11 15 12    39 -9999 10075    50   226     7 -9999 -9999
1935 11 15 18    28 -9999 10064    50   190     8 -9999 -9999
1935 11 16 06    39 -9999 10036    70    93     7 -9999 -9999
1935 11 16 12    39 -9999  9964    70   154     8 -9999 -9999
1935 11 16 18    39 -9999  9945    90   154     8 -9999 -9999
1935 11 17 06    22 -9999  9937   140   123     8 -9999 -9999
1935 11 17 12     0 -9999  9988   160    93     8 -9999 -9999
1935 11 17 18   -11 -9999 10014   200    93     8 -9999 -9999
1935 11 18 06   -22 -9999 10083   270    93     8 -9999 -9999
1935 11 18 12   -28 -9999 10135   270    67     8 -9999 -9999
1935 11 18 18   -22 -9999 10160   110    26     8 -9999 -9999
1935 11 19 06   -22 -9999 10203   320    46     8 -9999 -9999
1935 11 19 12   -28 -9999 10231   320    26     8 -9999 -9999
1935 11 19 18   -28 -9999 10253   230    26     8 -9999 -9999
1935 11 20 06   -22 -9999 10287   110    93     1 -9999 -9999
1935 11 20 12     0 -9999 10295    70    93     2 -9999 -9999
1935 11 20 18     0 -9999 10295    90    93     8 -9999 -9999
1935 11 21 06    28 -9999 10256    90    93     8 -9999 -9999
1935 11 21 12    28 -9999 10245    90    46     9 -9999 -9999
1935 11 21 18    28 -9999 10229    90    67     9 -9999 -9999
1935 11 22 06    22 -9999 10180    90    67     9 -9999 -9999
1935 11 22 12    28 -9999 10153    90    46     9 -9999 -9999
1935 11 22 18    22 -9999 10122   160    67     9 -9999 -9999
1935 11 23 06   -11 -9999 10065   250   123     8 -9999 -9999
1935 11 23 12   -11 -9999 10064   270   190     8 -9999 -9999
1935 11 23 18   -28 -9999 10077   320    67     8 -9999 -9999
1935 11 24 06   -39 -9999 10063   340   154     7 -9999 -9999
1935 11 24 12   -50 -9999 10065   320   123     7 -9999 -9999
1935 11 24 18   -50 -9999 10057   320    93     6 -9999 -9999
1935 11 25 06   -50 -9999  9982    90    93     8 -9999 -9999
1935 11 25 12   -50 -9999  9989    70   154     8 -9999 -9999
1935 11 25 18     0 -9999  9780    70   226     8 -9999 -9999
1935 11 26 06    11 -9999  9694   110    46     8 -9999 -9999
1935 11 26 12     0 -9999  9706    20    10     6 -9999 -9999
1935 11 26 18     0 -9999  9690   290    46     7 -9999 -9999
1935 11 27 06    11 -9999  9782    70    67     4 -9999 -9999
1935 11 27 12     0 -9999  9827    20    10     6 -9999 -9999
1935 11 27 18     0 -9999  9854   250    26     4 -9999 -9999
1935 11 28 06     0 -9999  9853   290    26     1 -9999 -9999
1935 11 28 12     0 -9999  9854   110    46     4 -9999 -9999
1935 11 28 18   -28 -9999  9839    70    26     2 -9999 -9999
1935 11 29 06    11 -9999  9796    90    93     4 -9999 -9999
1935 11 29 12     0 -9999  9808    90    93     6 -9999 -9999
1935 11 29 18    11 -9999  9807    70   123     4 -9999 -9999
1935 11 30 06    11 -9999  9781    50   123     1 -9999 -9999
1935 11 30 12    22 -9999  9753    20   226     7 -9999 -9999
1935 11 30 18    11 -9999  9773    70    93     4 -9999 -9999
1935 12 01 12     0 -9999  9832   110    10     6 -9999 -9999
1935 12 01 18   -11 -9999  9844   360    26     8 -9999 -9999
1935 12 02 06   -11 -9999  9902   320    10     4 -9999 -9999
1935 12 02 12    11 -9999  9928   270    10     4 -9999 -9999
1935 12 02 18   -28 -9999  9950   340    26     1 -9999 -9999
1935 12 03 06     0 -9999  9913   270    46     4 -9999 -9999
1935 12 03 12    22 -9999  9878   200    67     8 -9999 -9999
1935 12 03 18    28 -9999  9867    50    67     6 -9999 -9999
1935 12 04 06    39 -9999  9909    70    93     7 -9999 -9999
1935 12 04 12    22 -9999  9929    90    93     8 -9999 -9999
1935 12 04 18    22 -9999  9958    70    67     8 -9999 -9999
1935 12 05 06    22 -9999  9997   200    10     4 -9999 -9999
1935 12 05 12    28 -9999  9986   230    93     8 -9999 -9999
1935 12 05 18 -9999 -9999  9970   270    93     4 -9999 -9999
1935 12 06 06     0 -9999  9978   320    93     8 -9999 -9999
1935 12 06 12     0 -9999 10007   340    67     4 -9999 -9999
1935 12 06 18   -11 -9999 10022   320   123     2 -9999 -9999
1935 12 07 06   -22 -9999 10021   320   123     6 -9999 -9999
1935 12 07 12   -28 -9999 10032   320   123     7 -9999 -9999
1935 12 07 18   -28 -9999 10037   320    67     8 -9999 -9999
1935 12 08 06   -22 -9999 10025   320    46     8 -9999 -9999
1935 12 08 12     0 -9999 10007   340    67     4 -9999 -9999
1935 12 08 18   -22 -9999 10050   320    93     6 -9999 -9999
1935 12 09 06   -11 -9999 10148   290   154     4 -9999 -9999
1935 12 09 12   -11 -9999 10207   320   123     8 -9999 -9999
1935 12 09 18   -22 -9999 10247   290   123     6 -9999 -9999
1935 12 10 06    11 -9999 10222    90   123     8 -9999 -9999
1935 12 10 12    22 -9999 10134    70    67     8 -9999 -9999
1935 12 10 18    28 -9999 10101    70    10     8 -9999 -9999
1935 12 11 06    22 -9999 10103   230    67     7 -9999 -9999
1935 12 11 12    22 -9999 10073   230    93     6 -9999 -9999
1935 12 11 18    22 -9999 10034   230   190     8 -9999 -9999
1935 12 12 06     0 -9999 10085   270   123     2 -9999 -9999
1935 12 12 12   -28 -9999 10140   320    93     6 -9999 -9999
1935 12 12 18   -39 -9999 10165   320    46     9 -9999 -9999
1935 12 13 06   -39 -9999 10192   340    10     6 -9999 -9999
1935 12 13 12   -11 -9999 10175   200    67     8 -9999 -9999
1935 12 13 18   -11 -9999 10129   180    26     8 -9999 -9999
1935 12 14 06   -11 -9999 10058    90    46     8 -9999 -9999
1935 12 14 12     0 -9999 10013    50   154     9 -9999 -9999
1935 12 14 18    22 -9999 -9999    70   123     8 -9999 -9999
1935 12 15 06   -72 -9999 10112    50   154     8 -9999 -9999
1935 12 15 12   -11 -9999 10071   200    26     8 -9999 -9999
1935 12 15 18   -22 -9999 10051   340    67     8 -9999 -9999
1935 12 16 06   -72 -9999 10121   340   123     4 -9999 -9999
1935 12 16 12   -72 -9999 10139   340    46     6 -9999 -9999
1935 12 16 18   -78 -9999 10140   340    46     2 -9999 -9999
1935 12 17 06   -39 -9999 10121   290    46     4 -9999 -9999
1935 12 17 12   -22 -9999 10137   290    93     6 -9999 -9999
1935 12 17 18   -28 -9999 10156   320    67     4 -9999 -9999
1935 12 18 06   -22 -9999 10197   140    10     4 -9999 -9999
1935 12 18 12   -28 -9999 10219   110    26     2 -9999 -9999
1935 12 18 18   -28 -9999 10239    90   154     6 -9999 -9999
1935 12 19 06   -50 -9999 10277   180    26     6 -9999 -9999
1935 12 19 12   -28 -9999 10285    20    46     8 -9999 -9999
1935 12 19 18   -50 -9999 10288   270    26     4 -9999 -9999
1935 12 20 06   -72 -9999 10265   290    46     4 -9999 -9999
1935 12 20 12   -61 -9999 10233    20    26     4 -9999 -9999
1935 12 20 18   -61 -9999 10221   320    26     1 -9999 -9999
1935 12 21 06   -50 -9999 10292   230    46     4 -9999 -9999
1935 12 21 12   -39 -9999 10186   250    67     6 -9999 -9999
1935 12 21 18   -61 -9999 10173   320    26     4 -9999 -9999
1935 12 22 06   -50 -9999 10249    50    46     4 -9999 -9999
1935 12 22 12   -50 -9999 10140    20    26     7 -9999 -9999
1935 12 22 18   -28 -9999 10129   250    67     6 -9999 -9999
1935 12 23 06   -28 -9999 10069    20   226     9 -9999 -9999
1935 12 23 12   -39 -9999 10098   230    46     8 -9999 -9999
1935 12 23 18   -39 -9999 10109   230    10     4 -9999 -9999
1935 12 24 12   -50 -9999 10137   140    46     4 -9999 -9999
1935 12 24 18   -22 -9999 10144    70   154     4 -9999 -9999
1935 12 25 06  -100 -9999 10182   250    26     4 -9999 -9999
1935 12 25 18  -111 -9999 10196   360    26     4 -9999 -9999
1935 12 26 12   -61 -9999 10188    70   154     6 -9999 -9999
1935 12 26 18   -50 -9999 10178    50   123     7 -9999 -9999
1935 12 27 06   -22 -9999 10150    70   154     8 -9999 -9999
1935 12 27 12   -22 -9999 10142    50   123     6 -9999 -9999
1935 12 27 18   -22 -9999 10144    70   154     4 -9999 -9999
1935 12 28 12   -50 -9999 10148     0     0     4 -9999 -9999
1935 12 28 18   -61 -9999 10148   270    26     2 -9999 -9999
1935 12 29 06   -61 -9999 10127   230    26     2 -9999 -9999
1935 12 29 12   -72 -9999 10121   290    26     2 -9999 -9999
1935 12 29 18   -61 -9999 10111   320    46     2 -9999 -9999
1935 12 30 06   -78 -9999 10128   320    26     2 -9999 -9999
1935 12 30 12   -50 -9999 10148    20   154     8 -9999 -9999
1935 12 30 18   -61 -9999 10157   160    10     7 -9999 -9999
1935 12 31 06   -72 -9999 10168    20    26     6 -9999 -9999
1935 12 31 12   -78 -9999 10171   320    26     6 -9999 -9999
1935 12 31 18   -61 -9999 10172    20    46     8 -9999 -9999
