1930 01 01 06   -28 -9999 10272   250    10     2 -9999 -9999
1930 01 01 12    22 -9999 10267   270    46     4 -9999 -9999
1930 01 01 18   -11 -9999 10267   250    46     2 -9999 -9999
1930 01 02 06    28 -9999 10166   270   154     8 -9999 -9999
1930 01 02 12    72 -9999 10129   270   226     4 -9999 -9999
1930 01 02 18    50 -9999 10167   270   154     2 -9999 -9999
1930 01 03 06    22 -9999 10259   250    26     4 -9999 -9999
1930 01 03 12    78 -9999 10239   270    26     4 -9999 -9999
1930 01 03 18    39 -9999 10240   270    10     4 -9999 -9999
1930 01 04 06   -28 -9999 10224     0     0     1 -9999 -9999
1930 01 04 12    78 -9999 10171    50    10     4 -9999 -9999
1930 01 04 18    39 -9999 10164   140    10     0 -9999 -9999
1930 01 05 06   -50 -9999 10152    50    10     2 -9999 -9999
1930 01 05 12    50 -9999 10101    70    26     4 -9999 -9999
1930 01 05 18   -11 -9999 10107   340    10     7 -9999 -9999
1930 01 06 06   -61 -9999 10176   360    10     6 -9999 -9999
1930 01 06 12    28 -9999 10186   360    10     6 -9999 -9999
1930 01 06 18   -11 -9999 10243   110    10     0 -9999 -9999
1930 01 07 06   -50 -9999 10323   360    10     9 -9999 -9999
1930 01 07 12   -22 -9999 10304    90    10     9 -9999 -9999
1930 01 07 18   -28 -9999 10298    70    10     9 -9999 -9999
1930 01 08 06   -50 -9999 10260   140    10     9 -9999 -9999
1930 01 08 12     0 -9999 10232    70    10     4 -9999 -9999
1930 01 08 18   -11 -9999 10227    70    10     0 -9999 -9999
1930 01 09 06   -50 -9999 10194   320    46     8 -9999 -9999
1930 01 09 12    39 -9999 10207   320    10     7 -9999 -9999
1930 01 09 18    22 -9999 10222    70    10     8 -9999 -9999
1930 01 10 06   -11 -9999 10176    70    10     9 -9999 -9999
1930 01 10 12     0 -9999 10171   320    10     8 -9999 -9999
1930 01 10 18     0 -9999 10178     0     0     8 -9999 -9999
1930 01 11 06     0 -9999 10147   140    26     4 -9999 -9999
1930 01 11 12    28 -9999 10085    70    10     4 -9999 -9999
1930 01 11 18   -11 -9999 10047   110    26     9 -9999 -9999
1930 01 12 06    22 -9999 10038   250    46     8 -9999 -9999
1930 01 12 12    11 -9999 10106   270    26     6 -9999 -9999
1930 01 12 18   -28 -9999 10146   200    26     0 -9999 -9999
1930 01 13 06    39 -9999 10115   270    93     4 -9999 -9999
1930 01 13 12    89 -9999 10172   290   190     4 -9999 -9999
1930 01 13 18    22 -9999 10255   270    26     0 -9999 -9999
1930 01 14 06    22 -9999 10266   200    10     2 -9999 -9999
1930 01 14 12   100 -9999 10230    90    10     4 -9999 -9999
1930 01 14 18    50 -9999 10234   140    10     2 -9999 -9999
1930 01 15 06    22 -9999 10222   250    10     7 -9999 -9999
1930 01 15 12    89 -9999 10191     0     0     6 -9999 -9999
1930 01 15 18    61 -9999 10198     0     0     8 -9999 -9999
1930 01 16 06    61 -9999 10203   270    10     8 -9999 -9999
1930 01 16 12    39 -9999 10252   290    26     8 -9999 -9999
1930 01 16 18    28 -9999 10291   360    26     8 -9999 -9999
1930 01 17 06    22 -9999 10359    90    26     8 -9999 -9999
1930 01 17 12    39 -9999 10347    90    67     4 -9999 -9999
1930 01 17 18    11 -9999 10376    90    46     7 -9999 -9999
1930 01 18 06   -11 -9999 10386   110    26     8 -9999 -9999
1930 01 18 12     0 -9999 10367   360    10     7 -9999 -9999
1930 01 18 18     0 -9999 10364   110    10     9 -9999 -9999
1930 01 19 06   -22 -9999 10331    50    10     9 -9999 -9999
1930 01 19 12     0 -9999 10311    50    10     0 -9999 -9999
1930 01 19 18   -22 -9999 10303    90    10     9 -9999 -9999
1930 01 20 06   -39 -9999 10267    70    10     1 -9999 -9999
1930 01 20 12    39 -9999 10236     0     0     0 -9999 -9999
1930 01 20 18     0 -9999 10246     0     0     0 -9999 -9999
1930 01 21 06   -50 -9999 10264     0     0     9 -9999 -9999
1930 01 21 12   -28 -9999 10259    70    10     9 -9999 -9999
1930 01 21 18   -39 -9999 10267    70    10     9 -9999 -9999
1930 01 22 06   -50 -9999 10283    90    10     9 -9999 -9999
1930 01 22 12   -22 -9999 10274    90    10     8 -9999 -9999
1930 01 22 18   -28 -9999 10278    90    10     8 -9999 -9999
1930 01 23 06   -50 -9999 10276   110    10     8 -9999 -9999
1930 01 23 12   -22 -9999 10259    90    10     8 -9999 -9999
1930 01 23 18   -22 -9999 10251    70    26     9 -9999 -9999
1930 01 24 06   -50 -9999 10234   140    10     9 -9999 -9999
1930 01 24 12   -28 -9999 10207   110    10     9 -9999 -9999
1930 01 24 18   -28 -9999 10203   140    10     9 -9999 -9999
1930 01 25 06   -61 -9999 10179    90    10     9 -9999 -9999
1930 01 25 12     0 -9999 10143    70    10     1 -9999 -9999
1930 01 25 18   -22 -9999 10133    50    10     1 -9999 -9999
1930 01 26 06   -61 -9999 10094    70    10     1 -9999 -9999
1930 01 26 12    39 -9999 10039    70    10     1 -9999 -9999
1930 01 26 18     0 -9999 10043    70    10     0 -9999 -9999
1930 01 27 06   -39 -9999 10042    70    26     9 -9999 -9999
1930 01 27 12   -11 -9999 10038    70    10     8 -9999 -9999
1930 01 27 18   -11 -9999 10046    70    10     8 -9999 -9999
1930 01 28 06   -11 -9999 10063    70    10     8 -9999 -9999
1930 01 28 12   -22 -9999 10066   290    10     9 -9999 -9999
1930 01 28 18   -22 -9999 10083   290    10     9 -9999 -9999
1930 01 29 06     0 -9999 10127   270    10     9 -9999 -9999
1930 01 29 12     0 -9999 10119   290    10     8 -9999 -9999
1930 01 29 18     0 -9999 10107     0     0     9 -9999 -9999
1930 01 30 06   -11 -9999 10090    50    10     9 -9999 -9999
1930 01 30 12     0 -9999 10069     0     0     8 -9999 -9999
1930 01 30 18   -11 -9999 10077   320    10     8 -9999 -9999
1930 01 31 06   -11 -9999 10063   250    10     8 -9999 -9999
1930 01 31 12    22 -9999 10037   270    10     7 -9999 -9999
1930 01 31 18     0 -9999 10010    70    10     6 -9999 -9999
1930 02 01 12    39 -9999  9874    70    10     6 -9999 -9999
1930 02 01 18     0 -9999  9890    50    10     8 -9999 -9999
1930 02 02 06    11 -9999  9919     0     0     7 -9999 -9999
1930 02 02 12    39 -9999  9931     0     0     7 -9999 -9999
1930 02 02 18    11 -9999  9961    70    10     1 -9999 -9999
1930 02 03 06   -22 -9999 10023   230    10     8 -9999 -9999
1930 02 03 12    61 -9999 10019   270    26     4 -9999 -9999
1930 02 03 18     0 -9999 10045   270    10     1 -9999 -9999
1930 02 04 06    11 -9999 10025   200    26     6 -9999 -9999
1930 02 04 12    61 -9999 10022   250    93     4 -9999 -9999
1930 02 04 18    22 -9999 10049   180    26     2 -9999 -9999
1930 02 05 06   -11 -9999 10066   180    10     4 -9999 -9999
1930 02 05 12    89 -9999 10030   110    26     4 -9999 -9999
1930 02 05 18    28 -9999 10041   110    10     2 -9999 -9999
1930 02 06 06   -28 -9999 10071     0     0     2 -9999 -9999
1930 02 06 12    78 -9999 10038    90    10     4 -9999 -9999
1930 02 06 18    28 -9999 10059    70    10     6 -9999 -9999
1930 02 07 06     0 -9999 10095     0     0     8 -9999 -9999
1930 02 07 12   -11 -9999 10117   360    10     8 -9999 -9999
1930 02 07 18   -22 -9999 10160   360    46     8 -9999 -9999
1930 02 08 06   -22 -9999 10236    50    10     8 -9999 -9999
1930 02 08 12   -22 -9999 10266    70    46     7 -9999 -9999
1930 02 08 18   -72 -9999 10302    70    26     6 -9999 -9999
1930 02 09 06  -150 -9999 10383   110    10     0 -9999 -9999
1930 02 09 12   -61 -9999 10362    90    46     0 -9999 -9999
1930 02 09 18   -89 -9999 10360    70    26     0 -9999 -9999
1930 02 10 06  -128 -9999 10351    70    10     0 -9999 -9999
1930 02 10 12   -61 -9999 10319    90    67     0 -9999 -9999
1930 02 10 18   -89 -9999 10322    70    26     0 -9999 -9999
1930 02 11 06  -200 -9999 10340   250    10     1 -9999 -9999
1930 02 11 12   -28 -9999 10272    70    10     0 -9999 -9999
1930 02 11 18  -111 -9999 10291     0     0     1 -9999 -9999
1930 02 12 06  -172 -9999 10322     0     0     2 -9999 -9999
1930 02 12 12   -22 -9999 10288    70    10     4 -9999 -9999
1930 02 12 18   -50 -9999 10308    70    10     0 -9999 -9999
1930 02 13 06  -161 -9999 10343     0     0     8 -9999 -9999
1930 02 13 12   -28 -9999 10286    90    46     1 -9999 -9999
1930 02 13 18   -89 -9999 10300   270    10     0 -9999 -9999
1930 02 14 06  -178 -9999 10314     0     0     0 -9999 -9999
1930 02 14 12   -11 -9999 10254     0     0     0 -9999 -9999
1930 02 14 18   -22 -9999 10256     0     0     4 -9999 -9999
1930 02 15 06   -11 -9999 10243   230    10     7 -9999 -9999
1930 02 15 12    39 -9999 10200   250    67     6 -9999 -9999
1930 02 15 18    22 -9999 10186   230    10     6 -9999 -9999
1930 02 16 06    11 -9999 10139   270    46     8 -9999 -9999
1930 02 16 12    11 -9999 10182   270    46     7 -9999 -9999
1930 02 16 18   -11 -9999 10187   250    26     8 -9999 -9999
1930 02 17 06   -39 -9999 10204     0     0     8 -9999 -9999
1930 02 17 12     0 -9999 10179    70    67     8 -9999 -9999
1930 02 17 18   -11 -9999 10187    90    46     8 -9999 -9999
1930 02 18 06   -11 -9999 10200    70    93     8 -9999 -9999
1930 02 18 12    11 -9999 10203    90   123     8 -9999 -9999
1930 02 18 18    11 -9999 10203    90   123     8 -9999 -9999
1930 02 19 06   -28 -9999 10230    70    67     8 -9999 -9999
1930 02 19 12    22 -9999 10211    90    67     0 -9999 -9999
1930 02 19 18   -11 -9999 10222    90    67     0 -9999 -9999
1930 02 20 06   -72 -9999 10244    70    26     0 -9999 -9999
1930 02 20 12     0 -9999 10220    70    67     0 -9999 -9999
1930 02 20 18   -22 -9999 10220    70    46     0 -9999 -9999
1930 02 21 06   -89 -9999 10227     0     0     0 -9999 -9999
1930 02 21 12    22 -9999 10199    90    46     0 -9999 -9999
1930 02 21 18   -11 -9999 10190    90    46     0 -9999 -9999
1930 02 22 06  -100 -9999 10216     0     0     0 -9999 -9999
1930 02 22 12    11 -9999 10200    90    10     0 -9999 -9999
1930 02 22 18   -11 -9999 10207     0     0     0 -9999 -9999
1930 02 23 06   -89 -9999 10250   250    10     4 -9999 -9999
1930 02 23 12   -11 -9999 10238    90    10     7 -9999 -9999
1930 02 23 18   -22 -9999 10259   110    10     1 -9999 -9999
1930 02 24 06  -100 -9999 10303     0     0     0 -9999 -9999
1930 02 24 12    28 -9999 10275    70    10     0 -9999 -9999
1930 02 24 18     0 -9999 10279    70    10     0 -9999 -9999
1930 02 25 06   -78 -9999 10298     0     0     0 -9999 -9999
1930 02 25 12    39 -9999 10260    70    26     0 -9999 -9999
1930 02 25 18     0 -9999 10264    70    26     0 -9999 -9999
1930 02 26 06   -72 -9999 10260    70    10     2 -9999 -9999
1930 02 26 12    61 -9999 10208    90    26     0 -9999 -9999
1930 02 26 18    11 -9999 10204    90    26     1 -9999 -9999
1930 02 27 06   -39 -9999 10231    50    10     4 -9999 -9999
1930 02 27 12    89 -9999 10199    90    26     4 -9999 -9999
1930 02 27 18    39 -9999 10222    90    10     2 -9999 -9999
1930 02 28 06   -39 -9999 10236    50    10     2 -9999 -9999
1930 02 28 12    72 -9999 10236    70    10     2 -9999 -9999
1930 02 28 18    39 -9999 10252    70    26     1 -9999 -9999
1930 03 01 06    11 -9999 10295   110    46     6 -9999 -9999
1930 03 01 12    28 -9999 10288    90    46     6 -9999 -9999
1930 03 01 18    28 -9999 10289    90    46     0 -9999 -9999
1930 03 02 06     0 -9999 10289    90    46     7 -9999 -9999
1930 03 02 12    50 -9999 10276    70    46     4 -9999 -9999
1930 03 02 18    39 -9999 10279    70    10     2 -9999 -9999
1930 03 03 06   -11 -9999 10309    90    26     6 -9999 -9999
1930 03 03 12    50 -9999 10290    90    26     4 -9999 -9999
1930 03 03 18    50 -9999 10286     0     0     0 -9999 -9999
1930 03 04 06   -22 -9999 10326   290    10     9 -9999 -9999
1930 03 04 12   100 -9999 10297   270    46     0 -9999 -9999
1930 03 04 18    72 -9999 10301   270    10     1 -9999 -9999
1930 03 05 06    39 -9999 10314   250    26     8 -9999 -9999
1930 03 05 12    78 -9999 10305   290    46     8 -9999 -9999
1930 03 05 18    61 -9999 10302   270    26     7 -9999 -9999
1930 03 06 06    11 -9999 10319   270    10     6 -9999 -9999
1930 03 06 12    89 -9999 10285   270    46     2 -9999 -9999
1930 03 06 18    61 -9999 10267    70    26     1 -9999 -9999
1930 03 07 06   -22 -9999 10198    50    10     7 -9999 -9999
1930 03 07 12    50 -9999 10179     0     0     8 -9999 -9999
1930 03 07 18    39 -9999 10178   180    67     8 -9999 -9999
1930 03 08 06    11 -9999 10199   250    10     4 -9999 -9999
1930 03 08 12    50 -9999 10202   290    46     7 -9999 -9999
1930 03 08 18    50 -9999 10193   270    10     6 -9999 -9999
1930 03 09 06   -39 -9999 10181     0     0     9 -9999 -9999
1930 03 09 12   100 -9999 10124    90    46     2 -9999 -9999
1930 03 09 18    61 -9999 10112    70    10     0 -9999 -9999
1930 03 10 06    11 -9999 10093   180    10     0 -9999 -9999
1930 03 10 12   150 -9999 10024   230    10     0 -9999 -9999
1930 03 10 18   111 -9999 10001   110    10     9 -9999 -9999
1930 03 11 06    28 -9999 10042   230    67     8 -9999 -9999
1930 03 11 12    11 -9999 10054   320    46     8 -9999 -9999
1930 03 11 18    11 -9999 10045     0     0     8 -9999 -9999
1930 03 12 06   -22 -9999 10032   230    10     6 -9999 -9999
1930 03 12 12   -11 -9999 10007   270    10     6 -9999 -9999
1930 03 12 18     0 -9999 10017   320    10     6 -9999 -9999
1930 03 13 06     0 -9999 10024   230    46     8 -9999 -9999
1930 03 13 12    22 -9999 10021   250   190     8 -9999 -9999
1930 03 13 18    11 -9999 10038   250    67     7 -9999 -9999
1930 03 14 06    22 -9999 -9999   180    10     8 -9999 -9999
1930 03 14 12    72 -9999  9966   250    93     8 -9999 -9999
1930 03 14 18    61 -9999  9978   270    67     8 -9999 -9999
1930 03 15 06    61 -9999 10010   180    46     7 -9999 -9999
1930 03 15 12   139 -9999  9997   140    10     6 -9999 -9999
1930 03 15 18    89 -9999  9960    90    26     8 -9999 -9999
1930 03 16 06    28 -9999 10039   200    26     2 -9999 -9999
1930 03 16 12   128 -9999  9997   250    46     7 -9999 -9999
1930 03 16 18    72 -9999 10007   290    46     6 -9999 -9999
1930 03 17 06    39 -9999 10074   200    26     6 -9999 -9999
1930 03 17 12   111 -9999 10036   250    10     7 -9999 -9999
1930 03 17 18    78 -9999 10023   320    10     7 -9999 -9999
1930 03 18 06    89 -9999  9944   180    26     8 -9999 -9999
1930 03 18 12   111 -9999  9968   250    67     7 -9999 -9999
1930 03 18 18    72 -9999 10005   230    46     8 -9999 -9999
1930 03 19 06    22 -9999 10039     0     0     8 -9999 -9999
1930 03 19 12    39 -9999 10024    70    10     8 -9999 -9999
1930 03 19 18    22 -9999 10018   290    26     8 -9999 -9999
1930 03 20 06    11 -9999 10001   230    46     7 -9999 -9999
1930 03 20 12    39 -9999 10031   290    46     8 -9999 -9999
1930 03 20 18     0 -9999 10107   230    46     8 -9999 -9999
1930 03 21 06   -39 -9999 10225   180    10     0 -9999 -9999
1930 03 21 12    78 -9999 10181    90    46     1 -9999 -9999
1930 03 21 18    61 -9999 10174    90    10     4 -9999 -9999
1930 03 22 06    11 -9999 10186   360    10     7 -9999 -9999
1930 03 22 12   111 -9999 10175   250    46     8 -9999 -9999
1930 03 22 18    89 -9999 10186   250    26     7 -9999 -9999
1930 03 23 06    61 -9999 10190   340    26     8 -9999 -9999
1930 03 23 12   111 -9999 10137    90    67     8 -9999 -9999
1930 03 23 18   100 -9999 10097    70    26     7 -9999 -9999
1930 03 24 06    61 -9999 10104   230    10     7 -9999 -9999
1930 03 24 12   122 -9999 10100   270    10     7 -9999 -9999
1930 03 24 18   100 -9999 10122   340    10     7 -9999 -9999
1930 03 25 06    50 -9999 10205   360    26     8 -9999 -9999
1930 03 25 12    89 -9999 10198   360    10     8 -9999 -9999
1930 03 25 18   100 -9999 10195     0     0     7 -9999 -9999
1930 03 26 06    61 -9999 10198   320    10     8 -9999 -9999
1930 03 26 12    72 -9999 10207   250    46     8 -9999 -9999
1930 03 26 18    61 -9999 10217   230    26     8 -9999 -9999
1930 03 27 06    39 -9999 10245   250    46     7 -9999 -9999
1930 03 27 12    61 -9999 10234   270    26     8 -9999 -9999
1930 03 27 18    61 -9999 10220   250    10     7 -9999 -9999
1930 03 28 06    61 -9999 10204   230    10     8 -9999 -9999
1930 03 28 12   139 -9999 10161    50    10     1 -9999 -9999
1930 03 28 18   111 -9999 10139    70    26     1 -9999 -9999
1930 03 29 06    50 -9999 10116   110    10     6 -9999 -9999
1930 03 29 12   189 -9999 10071   250    93     4 -9999 -9999
1930 03 29 18    78 -9999 10135   250    67     8 -9999 -9999
1930 03 30 06    50 -9999 10201   270    26     4 -9999 -9999
1930 03 30 12   239 -9999 -9999   290    26     1 -9999 -9999
1930 03 30 18    89 -9999 10211   340    10     4 -9999 -9999
1930 03 31 06    22 -9999 10234     0     0     0 -9999 -9999
1930 03 31 12   139 -9999 10180    90    46     0 -9999 -9999
1930 03 31 18   100 -9999 10170    70    26     1 -9999 -9999
1930 04 01 06    28 -9999 10197     0     0     8 -9999 -9999
1930 04 01 12   100 -9999 10178   270    10     8 -9999 -9999
1930 04 01 18   100 -9999 10165   140   154     4 -9999 -9999
1930 04 02 06    28 -9999 10173    50    10     7 -9999 -9999
1930 04 02 12   150 -9999 10124    70    26     4 -9999 -9999
1930 04 02 18   122 -9999 10121    70    10     2 -9999 -9999
1930 04 03 06    39 -9999 10100    50    10     8 -9999 -9999
1930 04 03 12    78 -9999 10061    70    26     8 -9999 -9999
1930 04 03 18    72 -9999 10027    70    46     7 -9999 -9999
1930 04 04 06    72 -9999 -9999     0     0     8 -9999 -9999
1930 04 04 12   100 -9999  9948    70    10     8 -9999 -9999
1930 04 04 18    89 -9999  9964    90    10     8 -9999 -9999
1930 04 05 06    50 -9999 10038   230    46     8 -9999 -9999
1930 04 05 12   111 -9999 10035   270    26     7 -9999 -9999
1930 04 05 18   100 -9999 10034     0     0     6 -9999 -9999
1930 04 06 06    50 -9999 10078   250    10     4 -9999 -9999
1930 04 06 18   100 -9999 10085   340    10     4 -9999 -9999
1930 04 07 06    28 -9999 10145     0     0     4 -9999 -9999
1930 04 07 12   122 -9999 10139   360    26     6 -9999 -9999
1930 04 08 06    39 -9999 10212   270    10     7 -9999 -9999
1930 04 08 12    89 -9999 10208   320    10     7 -9999 -9999
1930 04 08 18    72 -9999 10221   340    26     6 -9999 -9999
1930 04 09 06    28 -9999 10216     0     0     0 -9999 -9999
1930 04 09 12   111 -9999 10170    70    26     6 -9999 -9999
1930 04 09 18   100 -9999 10140    70    10     6 -9999 -9999
1930 04 10 06    28 -9999 10115     0     0     6 -9999 -9999
1930 04 10 12   122 -9999 10080    50    10     7 -9999 -9999
1930 04 10 18   100 -9999 10076    70    26     8 -9999 -9999
1930 04 11 06    28 -9999 10135    50    10     0 -9999 -9999
1930 04 11 12   139 -9999 10115   320    10     4 -9999 -9999
1930 04 11 18   128 -9999 10109     0     0     1 -9999 -9999
1930 04 12 06    72 -9999 10129   200    10     6 -9999 -9999
1930 04 12 12   150 -9999 10102   250    67     7 -9999 -9999
1930 04 12 18   122 -9999 10090   180    10     2 -9999 -9999
1930 04 13 06   100 -9999 10063   180    10     6 -9999 -9999
1930 04 13 12   111 -9999 10036   270    46     8 -9999 -9999
1930 04 13 18    72 -9999 10026   270    26     8 -9999 -9999
1930 04 14 06    50 -9999  9889   270    10     8 -9999 -9999
1930 04 14 12    61 -9999  9893   250    46     8 -9999 -9999
1930 04 14 18    50 -9999  9892   250    46     8 -9999 -9999
1930 04 15 06    11 -9999  9938   250    26     8 -9999 -9999
1930 04 15 12    28 -9999  9971   250    67     8 -9999 -9999
1930 04 15 18    11 -9999 10006   230    67     8 -9999 -9999
1930 04 16 06    11 -9999 10029   230    67     8 -9999 -9999
1930 04 16 12    28 -9999 10042   230    67     8 -9999 -9999
1930 04 16 18    22 -9999 10053   230    67     8 -9999 -9999
1930 04 17 06    22 -9999 10010   230   123     8 -9999 -9999
1930 04 17 12    28 -9999 10019   250   154     8 -9999 -9999
1930 04 17 18    22 -9999 10034   230    93     8 -9999 -9999
1930 04 18 06    28 -9999 10039   250    46     8 -9999 -9999
1930 04 18 12    50 -9999 10029   270    46     8 -9999 -9999
1930 04 18 18    39 -9999 10020   250    46     8 -9999 -9999
1930 04 19 06    39 -9999 10002   250    26     8 -9999 -9999
1930 04 19 12    61 -9999 10005   340    10     8 -9999 -9999
1930 04 19 18    72 -9999 10006    70    10     7 -9999 -9999
1930 04 20 06    22 -9999 10044    50    10     8 -9999 -9999
1930 04 20 12    78 -9999 10054   290    26     7 -9999 -9999
1930 04 20 18    89 -9999 10070   270    10     1 -9999 -9999
1930 04 21 06    22 -9999 10103     0     0     0 -9999 -9999
1930 04 21 12   150 -9999 10082    50    10     2 -9999 -9999
1930 04 21 18   161 -9999 10082   140    26     1 -9999 -9999
1930 04 22 06    78 -9999 10153   200    10     8 -9999 -9999
1930 04 22 12   122 -9999 10144   160    26     8 -9999 -9999
1930 04 22 18   111 -9999 10140   360    10     6 -9999 -9999
1930 04 23 06    61 -9999 10132    70    10     1 -9999 -9999
1930 04 23 12   189 -9999 10068    90    46     2 -9999 -9999
1930 04 23 18   161 -9999 10050    70    46     6 -9999 -9999
1930 04 24 06   122 -9999 10071     0     0     6 -9999 -9999
1930 04 24 12   222 -9999 10040    90    10     7 -9999 -9999
1930 04 24 18   178 -9999 10050    50    10     6 -9999 -9999
1930 04 25 06   122 -9999 10093   250    10     1 -9999 -9999
1930 04 25 12   211 -9999 10079   320    26     6 -9999 -9999
1930 04 25 18   200 -9999 10086   340    10     4 -9999 -9999
1930 04 26 06   111 -9999 10162   250    10     6 -9999 -9999
1930 04 26 12   200 -9999 10149   360    10     6 -9999 -9999
1930 04 26 18   139 -9999 10152   250    26     7 -9999 -9999
1930 04 27 06   128 -9999 10171     0     0     2 -9999 -9999
1930 04 27 12   200 -9999 10134    70    10     4 -9999 -9999
1930 04 27 18   178 -9999 10113    70    26     2 -9999 -9999
1930 04 28 06    89 -9999 10072    70    10     9 -9999 -9999
1930 04 28 12   228 -9999  9995    70    26     1 -9999 -9999
1930 04 28 18   200 -9999  9965    70    46     1 -9999 -9999
1930 04 29 06   111 -9999  9928    50    10     7 -9999 -9999
1930 04 29 12   200 -9999  9890    50    93     6 -9999 -9999
1930 04 29 18   161 -9999  9892    50    10     6 -9999 -9999
1930 04 30 06    72 -9999  9978   340    46     8 -9999 -9999
1930 04 30 12    50 -9999 10043   340    26     8 -9999 -9999
1930 04 30 18    50 -9999 10084    50    10     8 -9999 -9999
1930 05 01 06    39 -9999 10140    90    10     6 -9999 -9999
1930 05 01 12   122 -9999 10139    70    26     6 -9999 -9999
1930 05 01 18   122 -9999 10145    70    26     2 -9999 -9999
1930 05 02 06    61 -9999 10177     0     0     8 -9999 -9999
1930 05 02 12   172 -9999 10137    70    26     2 -9999 -9999
1930 05 02 18   150 -9999 10128    70    10     4 -9999 -9999
1930 05 03 06   111 -9999 10160   250    10     6 -9999 -9999
1930 05 03 12   161 -9999 10151   230    10     7 -9999 -9999
1930 05 03 18   161 -9999 10146   230    46     2 -9999 -9999
1930 05 04 06   111 -9999 10184   230    67     2 -9999 -9999
1930 05 04 12   189 -9999 10156   360    46     4 -9999 -9999
1930 05 04 18   178 -9999 10145   180    10     4 -9999 -9999
1930 05 05 06   111 -9999 10148   180    10     1 -9999 -9999
1930 05 05 12   189 -9999 10117   290    46     4 -9999 -9999
1930 05 06 06   128 -9999 10117   180    10     1 -9999 -9999
1930 05 06 12   189 -9999 10074   270    10     6 -9999 -9999
1930 05 06 18   178 -9999 10053    70    26     7 -9999 -9999
1930 05 07 06   100 -9999 10021     0     0     8 -9999 -9999
1930 05 07 12   150 -9999  9995    70    10     8 -9999 -9999
1930 05 07 18   128 -9999 10005   270    67     8 -9999 -9999
1930 05 08 06   100 -9999  9984   340    46     8 -9999 -9999
1930 05 08 12    78 -9999 10011   290    67     8 -9999 -9999
1930 05 08 18    50 -9999 10077   270    67     8 -9999 -9999
1930 05 09 06    50 -9999 10136   250    93     8 -9999 -9999
1930 05 09 12    61 -9999 10152   320    67     7 -9999 -9999
1930 05 09 18    72 -9999 10155   270    26     6 -9999 -9999
1930 05 10 06    72 -9999 10140   180    26     6 -9999 -9999
1930 05 10 12   100 -9999 10113   250   123     7 -9999 -9999
1930 05 10 18    78 -9999 10122   230   154     7 -9999 -9999
1930 05 11 06    78 -9999 10093   180    46     8 -9999 -9999
1930 05 11 12    89 -9999 10068   200    93     8 -9999 -9999
1930 05 11 18    89 -9999 10053   270    46     7 -9999 -9999
1930 05 12 06    78 -9999 10086   250   123     8 -9999 -9999
1930 05 12 12   100 -9999 10100   230   154     8 -9999 -9999
1930 05 12 18    78 -9999 10110   230    67     6 -9999 -9999
1930 05 13 06    72 -9999 10162   250    46     6 -9999 -9999
1930 05 13 12   111 -9999 10153   250    67     7 -9999 -9999
1930 05 13 18    89 -9999 10152   250    46     8 -9999 -9999
1930 05 14 06   100 -9999 10108   230    26     8 -9999 -9999
1930 05 14 12   122 -9999 10120   250    46     8 -9999 -9999
1930 05 14 18   122 -9999 10124   270    26     8 -9999 -9999
1930 05 15 06    89 -9999 10177   250    46     8 -9999 -9999
1930 05 15 12   128 -9999 10183   270    67     6 -9999 -9999
1930 05 15 18   100 -9999 10198   230    46     6 -9999 -9999
1930 05 16 06   100 -9999 10231   250    26     0 -9999 -9999
1930 05 16 12   161 -9999 10222   290    10     4 -9999 -9999
1930 05 16 18   161 -9999 10225    50    10     4 -9999 -9999
1930 05 17 06   128 -9999 10256   180    10     2 -9999 -9999
1930 05 17 12   100 -9999 10225   270    10     6 -9999 -9999
1930 05 17 18   189 -9999 10206   320    10     6 -9999 -9999
1930 05 18 06   150 -9999 10184   160    10     7 -9999 -9999
1930 05 18 12   222 -9999 10133   250    10     8 -9999 -9999
1930 05 18 18   189 -9999 10100   200    26     8 -9999 -9999
1930 05 19 06    78 -9999 10215   270    46     8 -9999 -9999
1930 05 19 12   100 -9999 10219   290    46     7 -9999 -9999
1930 05 19 18    89 -9999 10228   340    26     7 -9999 -9999
1930 05 20 06    89 -9999 10228   250    26     1 -9999 -9999
1930 05 20 12   128 -9999 10198   270    10     7 -9999 -9999
1930 05 20 18   122 -9999 10193    50    26     6 -9999 -9999
1930 05 21 06   100 -9999 10196     0     0     6 -9999 -9999
1930 05 21 12   150 -9999 10164    70    26     8 -9999 -9999
1930 05 21 18   150 -9999 10150    70    26     4 -9999 -9999
1930 05 22 06   122 -9999 10156    90    26     6 -9999 -9999
1930 05 22 12   189 -9999 10122    70    46     6 -9999 -9999
1930 05 22 18   161 -9999 10116   140    46     2 -9999 -9999
1930 05 23 06   111 -9999 10101    50    26     4 -9999 -9999
1930 05 23 12   150 -9999 10083   140    46     8 -9999 -9999
1930 05 23 18   150 -9999 10075    50    46     6 -9999 -9999
1930 05 24 06   122 -9999 10109   230    46     2 -9999 -9999
1930 05 24 12   161 -9999 10098   360    10     7 -9999 -9999
1930 05 24 18   100 -9999 10118   160    67     8 -9999 -9999
1930 05 25 06   111 -9999 10154   200    46     6 -9999 -9999
1930 05 25 12   172 -9999 10126   270    46     6 -9999 -9999
1930 05 25 18   128 -9999 10151   270    46     7 -9999 -9999
1930 05 26 06   122 -9999 10125   230    10     7 -9999 -9999
1930 05 26 12   178 -9999 10085    50    10     7 -9999 -9999
1930 05 26 18   128 -9999 10070   270    26     8 -9999 -9999
1930 05 27 06   100 -9999 10075   230    46     8 -9999 -9999
1930 05 27 12   150 -9999 10077   250    46     4 -9999 -9999
1930 05 27 18   150 -9999 10081    70    46     7 -9999 -9999
1930 05 28 06   122 -9999 10127   180    10     7 -9999 -9999
1930 05 28 12   189 -9999 10145   360    10     6 -9999 -9999
1930 05 28 18   189 -9999 10161    50    10     4 -9999 -9999
1930 05 29 06   172 -9999 10213    20    10     6 -9999 -9999
1930 05 29 12   178 -9999 10227   250    10     8 -9999 -9999
1930 05 29 18   189 -9999 10203    50    10     6 -9999 -9999
1930 05 30 06   172 -9999 10180    70    10     2 -9999 -9999
1930 05 30 12   272 -9999 10129    70    46     1 -9999 -9999
1930 05 30 18   239 -9999 10117    70    26     4 -9999 -9999
1930 05 31 06   200 -9999 10188   250    26     2 -9999 -9999
1930 05 31 12   222 -9999 10186   320    46     4 -9999 -9999
1930 05 31 18   222 -9999 10177   320    46     4 -9999 -9999
1930 06 01 06   150 -9999 10208   200    26     6 -9999 -9999
1930 06 01 12   200 -9999 10174   360    10     2 -9999 -9999
1930 06 01 18   200 -9999 10153   360    26     4 -9999 -9999
1930 06 02 06   161 -9999 10139   200    26     4 -9999 -9999
1930 06 02 12   228 -9999 10098    50    26     4 -9999 -9999
1930 06 02 18   222 -9999 10069    50    10     6 -9999 -9999
1930 06 03 06   161 -9999 10099   230    10     6 -9999 -9999
1930 06 03 12   211 -9999 10103   290    10     6 -9999 -9999
1930 06 03 18   178 -9999 10113   140    10     7 -9999 -9999
1930 06 04 06   161 -9999 10176   250    10     7 -9999 -9999
1930 06 04 12   200 -9999 10191   360    10     6 -9999 -9999
1930 06 04 18   150 -9999 10215    50    46     7 -9999 -9999
1930 06 05 06   122 -9999 10244    50    46     4 -9999 -9999
1930 06 05 12   189 -9999 10215    70    93     0 -9999 -9999
1930 06 05 18   178 -9999 10198    70    67     0 -9999 -9999
1930 06 06 06   122 -9999 10200    50    26     0 -9999 -9999
1930 06 06 12   211 -9999 10163    70    67     1 -9999 -9999
1930 06 06 18   200 -9999 10138    70    67     1 -9999 -9999
1930 06 07 06   122 -9999 10139    20    10     4 -9999 -9999
1930 06 07 12   222 -9999 10111    50    10     1 -9999 -9999
1930 06 07 18   222 -9999 10099    50    10     1 -9999 -9999
1930 06 08 06   172 -9999 10121   230    10     0 -9999 -9999
1930 06 08 12   250 -9999 10106    70    10     4 -9999 -9999
1930 06 08 18   222 -9999 10108    70    26     7 -9999 -9999
1930 06 09 06   128 -9999 10155   290    10     8 -9999 -9999
1930 06 09 12   200 -9999 10146    90    10     6 -9999 -9999
1930 06 09 18   200 -9999 10139    90    10     4 -9999 -9999
1930 06 10 06   172 -9999 10156   180    10     1 -9999 -9999
1930 06 10 12   228 -9999 10140   340    10     6 -9999 -9999
1930 06 10 18   228 -9999 10138    90    10     2 -9999 -9999
1930 06 11 06   172 -9999 10182     0     0     0 -9999 -9999
1930 06 11 12   261 -9999 10152    90    46     2 -9999 -9999
1930 06 11 18   239 -9999 10154    70    26     1 -9999 -9999
1930 06 12 06   178 -9999 10170   180    10     0 -9999 -9999
1930 06 12 12   278 -9999 10143    90    26     2 -9999 -9999
1930 06 12 18   211 -9999 10148   200    67     7 -9999 -9999
1930 06 13 06   189 -9999 10174   180    26     1 -9999 -9999
1930 06 13 12   261 -9999 10155   270    26     4 -9999 -9999
1930 06 13 18   228 -9999 10159   230    10     6 -9999 -9999
1930 06 14 06   189 -9999 10194   270    26     4 -9999 -9999
1930 06 14 12   261 -9999 10157   360    26     4 -9999 -9999
1930 06 14 18   261 -9999 10138    90    46     6 -9999 -9999
1930 06 15 06   189 -9999 10172   270    10     0 -9999 -9999
1930 06 15 12   278 -9999 10146    90    46     1 -9999 -9999
1930 06 15 18   250 -9999 10204    20    26     4 -9999 -9999
1930 06 16 06   189 -9999 10175   110    26     2 -9999 -9999
1930 06 16 12   272 -9999 10152    90    67     2 -9999 -9999
1930 06 16 18   211 -9999 10157    90    26     6 -9999 -9999
1930 06 17 06   172 -9999 10178    90    46     1 -9999 -9999
1930 06 17 12   222 -9999 10157    90    67     1 -9999 -9999
1930 06 17 18   211 -9999 10147    90    46     1 -9999 -9999
1930 06 18 06   161 -9999 10148    90    26     0 -9999 -9999
1930 06 18 12   250 -9999 10126    90    46     1 -9999 -9999
1930 06 18 18   228 -9999 10123    90    26     1 -9999 -9999
1930 06 19 06   172 -9999 10159   110    10     0 -9999 -9999
1930 06 19 12   250 -9999 10142   270    26     2 -9999 -9999
1930 06 19 18   250 -9999 10133    20    26     2 -9999 -9999
1930 06 20 06   189 -9999 10178   250    10     2 -9999 -9999
1930 06 20 12   261 -9999 10160   160    10     4 -9999 -9999
1930 06 20 18   239 -9999 10160    90    10     8 -9999 -9999
1930 06 21 06   161 -9999 10219   290    10     8 -9999 -9999
1930 06 21 12   228 -9999 10196   270    26     8 -9999 -9999
1930 06 21 18   211 -9999 10185   140    26     7 -9999 -9999
1930 06 22 06   189 -9999 10178     0     0     0 -9999 -9999
1930 06 22 12   272 -9999 10137   110    26     2 -9999 -9999
1930 06 22 18   250 -9999 10122    90    26     1 -9999 -9999
1930 06 23 06   211 -9999 10138   200    10     2 -9999 -9999
1930 06 23 12   272 -9999 10112   290    10     6 -9999 -9999
1930 06 23 18   272 -9999 10090    90    26     2 -9999 -9999
1930 06 24 06   178 -9999 10137   230    10     2 -9999 -9999
1930 06 24 12   272 -9999 10087    90    46     2 -9999 -9999
1930 06 24 18   200 -9999 10087   270    10     6 -9999 -9999
1930 06 25 06   161 -9999 10164   110    10     7 -9999 -9999
1930 06 25 12   211 -9999 10138   110    26     4 -9999 -9999
1930 06 25 18   211 -9999 10122    90    26     4 -9999 -9999
1930 06 26 06   200 -9999 10092   110    26     2 -9999 -9999
1930 06 26 12   300 -9999 10040   140    46     6 -9999 -9999
1930 06 26 18   211 -9999 10046   290    67     7 -9999 -9999
1930 06 27 06   178 -9999 10077     0     0     7 -9999 -9999
1930 06 27 12   239 -9999 10075   270    26     6 -9999 -9999
1930 06 27 18   178 -9999 10098   270    26     7 -9999 -9999
1930 06 28 06   189 -9999 10146   270    26     2 -9999 -9999
1930 06 28 12   222 -9999 10146   360    26     6 -9999 -9999
1930 06 28 18   178 -9999 10161   180    46     7 -9999 -9999
1930 06 29 06   161 -9999 10199   270    10     8 -9999 -9999
1930 06 29 12   228 -9999 10180   140    10     7 -9999 -9999
1930 06 29 18   222 -9999 10173    90    10     7 -9999 -9999
1930 06 30 06   178 -9999 10171    70    10     2 -9999 -9999
1930 06 30 12   261 -9999 10136   110    46     2 -9999 -9999
1930 06 30 18   261 -9999 10112   110    26     1 -9999 -9999
1930 07 01 06   211 -9999 10108   110    10     1 -9999 -9999
1930 07 01 12   289 -9999 10081   140    26     1 -9999 -9999
1930 07 01 18   272 -9999 10056    90    26     2 -9999 -9999
1930 07 02 06   172 -9999 10107   110    26     6 -9999 -9999
1930 07 02 12   261 -9999 10084    90    46     1 -9999 -9999
1930 07 02 18   250 -9999 10090    90    26     4 -9999 -9999
1930 07 03 06   178 -9999 10153   290    26     1 -9999 -9999
1930 07 03 12   272 -9999 10133    90    26     1 -9999 -9999
1930 07 03 18   272 -9999 10126    90    10     0 -9999 -9999
1930 07 04 06   211 -9999 10161   270   226     0 -9999 -9999
1930 07 04 12   300 -9999 10130    90    26     1 -9999 -9999
1930 07 04 18   289 -9999 10119    90    26     0 -9999 -9999
1930 07 05 12   322 -9999 10114   360    46     2 -9999 -9999
1930 07 05 18   311 -9999 10101   290    26     2 -9999 -9999
1930 07 06 06   239 -9999 10128   270    46     1 -9999 -9999
1930 07 06 12   311 -9999 10098   270    26     4 -9999 -9999
1930 07 06 18   189 -9999 10131   180   190     8 -9999 -9999
1930 07 07 06   172 -9999 10184   250    67     8 -9999 -9999
1930 07 07 12   178 -9999 10181   270    26     8 -9999 -9999
1930 07 07 18   178 -9999 10190   340    26     8 -9999 -9999
1930 07 08 06   139 -9999 10210   290    26     8 -9999 -9999
1930 07 08 12   178 -9999 10194   290    26     7 -9999 -9999
1930 07 08 18   189 -9999 10183   360    46     1 -9999 -9999
1930 07 09 06   150 -9999 10204   270    10     0 -9999 -9999
1930 07 09 12   200 -9999 10194   290    46     6 -9999 -9999
1930 07 09 18   178 -9999 10200   290    26     6 -9999 -9999
1930 07 10 06   161 -9999 10185   250    26     7 -9999 -9999
1930 07 10 12   211 -9999 10149   270    46     6 -9999 -9999
1930 07 10 18   161 -9999 10144   230    46     8 -9999 -9999
1930 07 11 06   139 -9999 10113   250    46     8 -9999 -9999
1930 07 11 12   139 -9999 10084   250    93     8 -9999 -9999
1930 07 11 18   128 -9999 10073   250   123     8 -9999 -9999
1930 07 12 06   100 -9999 10107   270    67     7 -9999 -9999
1930 07 12 12   122 -9999 10101   290    67     6 -9999 -9999
1930 07 12 18   111 -9999 10102   320    26     7 -9999 -9999
1930 07 13 06   100 -9999 10088   250    46     8 -9999 -9999
1930 07 13 12   128 -9999 10096   270    93     7 -9999 -9999
1930 07 13 18   111 -9999 10142   270    46     8 -9999 -9999
1930 07 14 06   139 -9999 10165   230    26     2 -9999 -9999
1930 07 14 12   211 -9999 10114   110    26     6 -9999 -9999
1930 07 14 18   189 -9999 10100   250    10     7 -9999 -9999
1930 07 15 06   128 -9999 10095   250    46     8 -9999 -9999
1930 07 15 12   150 -9999 10099   320    67     8 -9999 -9999
1930 07 15 18   150 -9999 10108   270    67     7 -9999 -9999
1930 07 16 06   150 -9999 10120   270    26     4 -9999 -9999
1930 07 16 12   211 -9999 10081   270    46     6 -9999 -9999
1930 07 16 18   211 -9999 10063   360    10     4 -9999 -9999
1930 07 17 06   161 -9999 10077   230    26     7 -9999 -9999
1930 07 17 12   228 -9999 10033   340    10     7 -9999 -9999
1930 07 17 18   222 -9999 10006    90    26     2 -9999 -9999
1930 07 18 06   189 -9999  9954   140    67     2 -9999 -9999
1930 07 18 12   139 -9999  9979   290    93     8 -9999 -9999
1930 07 18 18   211 -9999 10018   250    93     7 -9999 -9999
1930 07 19 06   139 -9999 10070   250    67     4 -9999 -9999
1930 07 19 12   172 -9999 10089   250   154     6 -9999 -9999
1930 07 19 18   139 -9999 10114   250    93     6 -9999 -9999
1930 07 20 06   150 -9999 10147   250    46     2 -9999 -9999
1930 07 20 12   178 -9999 10132   360    46     4 -9999 -9999
1930 07 20 18   200 -9999 10117   320    10     6 -9999 -9999
1930 07 21 06   178 -9999 10127   230    26     1 -9999 -9999
1930 07 21 12   239 -9999 10084   270    26     6 -9999 -9999
1930 07 21 18   250 -9999 10060   290    10     4 -9999 -9999
1930 07 22 06   150 -9999 10155   250    46     7 -9999 -9999
1930 07 22 12   189 -9999 10135   270    46     6 -9999 -9999
1930 07 22 18   189 -9999 10123   250    26     6 -9999 -9999
1930 07 23 06   139 -9999 10119   230    10     7 -9999 -9999
1930 07 23 12   200 -9999 10086   140    26     6 -9999 -9999
1930 07 23 18   211 -9999 10038    90    26     2 -9999 -9999
1930 07 24 06   122 -9999 10066   230    10     8 -9999 -9999
1930 07 24 12   139 -9999 10049    50    10     8 -9999 -9999
1930 07 24 18   111 -9999 10093   250    46     8 -9999 -9999
1930 07 25 06   139 -9999 10133   250   123     6 -9999 -9999
1930 07 25 12   172 -9999 10145   250   154     6 -9999 -9999
1930 07 25 18   139 -9999 10162   270    93     7 -9999 -9999
1930 07 26 06   139 -9999 10200   270    46     6 -9999 -9999
1930 07 26 12   189 -9999 10190   250    46     7 -9999 -9999
1930 07 26 18   189 -9999 10182   290    10     2 -9999 -9999
1930 07 27 06   161 -9999 10184   200    26     4 -9999 -9999
1930 07 27 12   211 -9999 10162   270    46     7 -9999 -9999
1930 07 27 18   211 -9999 10150   290    10     7 -9999 -9999
1930 07 28 06   150 -9999 10127   320    10     9 -9999 -9999
1930 07 28 18   178 -9999 10151   270    46     7 -9999 -9999
1930 07 29 06   189 -9999 10159   250    67     2 -9999 -9999
1930 07 29 12   222 -9999 10148   270    46     6 -9999 -9999
1930 07 29 18   211 -9999 10142   290    26     6 -9999 -9999
1930 07 30 06   172 -9999 10163   230    26     6 -9999 -9999
1930 07 30 12   178 -9999 10143   270    46     7 -9999 -9999
1930 07 30 18   161 -9999 10138   250    46     8 -9999 -9999
1930 07 31 06   128 -9999 10161   250    67     7 -9999 -9999
1930 07 31 12   178 -9999 10146   270    93     6 -9999 -9999
1930 07 31 18   128 -9999 10174   320    46     7 -9999 -9999
1930 08 01 06   128 -9999 10196     0     0     1 -9999 -9999
1930 08 01 12   200 -9999 10161   140    10     4 -9999 -9999
1930 08 01 18   200 -9999 10144    90    10     1 -9999 -9999
1930 08 02 06   161 -9999 10129     0     0     0 -9999 -9999
1930 08 02 12   250 -9999 10077    90    10     1 -9999 -9999
1930 08 02 18   239 -9999 10051    90    26     1 -9999 -9999
1930 08 03 06   139 -9999 10110   230    26     8 -9999 -9999
1930 08 03 12   172 -9999 10101   200    46     8 -9999 -9999
1930 08 03 18   139 -9999 10129   230    46     7 -9999 -9999
1930 08 04 06   161 -9999 10125   180    26     4 -9999 -9999
1930 08 04 12   250 -9999 10080   250    46     4 -9999 -9999
1930 08 04 18   189 -9999 10106   270    46     7 -9999 -9999
1930 08 05 06   161 -9999 10099   180    26     7 -9999 -9999
1930 08 05 12   189 -9999 10082   180    46     7 -9999 -9999
1930 08 05 18   161 -9999 10078   200    67     8 -9999 -9999
1930 08 06 06   150 -9999 10153   270    67     4 -9999 -9999
1930 08 06 12   189 -9999 10122   270    67     4 -9999 -9999
1930 08 06 18   178 -9999 10120   290    10     7 -9999 -9999
1930 08 07 06   150 -9999 10153   250    26     7 -9999 -9999
1930 08 07 12   139 -9999 10174   250    46     8 -9999 -9999
1930 08 07 18   150 -9999 10170   290    10     4 -9999 -9999
1930 08 08 06   111 -9999 10178   290    10     8 -9999 -9999
1930 08 08 12   111 -9999 10189   250    26     8 -9999 -9999
1930 08 08 18   111 -9999 10192   250    26     8 -9999 -9999
1930 08 09 06   111 -9999 10215   290    46     8 -9999 -9999
1930 08 09 12   161 -9999 10199   270    46     7 -9999 -9999
1930 08 09 18   139 -9999 10202   270    46     7 -9999 -9999
1930 08 10 06   128 -9999 10210   270    26     4 -9999 -9999
1930 08 10 12   150 -9999 10200   270    26     7 -9999 -9999
1930 08 10 18   150 -9999 10196   270    46     7 -9999 -9999
1930 08 11 06   150 -9999 10170   250    26     8 -9999 -9999
1930 08 11 12   200 -9999 10148   270    46     7 -9999 -9999
1930 08 11 18   211 -9999 10135   270    26     4 -9999 -9999
1930 08 12 06   189 -9999 10121   250    46     2 -9999 -9999
1930 08 12 12   239 -9999 10090   270    46     7 -9999 -9999
1930 08 12 18   172 -9999 10100   200    10     8 -9999 -9999
1930 08 13 06   122 -9999 10135   250    26     8 -9999 -9999
1930 08 13 12   139 -9999 10117   230    46     8 -9999 -9999
1930 08 13 18   122 -9999 10122   230    67     8 -9999 -9999
1930 08 14 06   111 -9999 10103   200    46     7 -9999 -9999
1930 08 14 12   111 -9999 10050   250    46     8 -9999 -9999
1930 08 14 18   128 -9999 10041   250    93     7 -9999 -9999
1930 08 15 06   100 -9999 10099   270    93     8 -9999 -9999
1930 08 15 12   100 -9999 10129   270   123     7 -9999 -9999
1930 08 15 18   111 -9999 10135   270    93     7 -9999 -9999
1930 08 16 06    78 -9999 10134   290    67     7 -9999 -9999
1930 08 16 12   139 -9999 10162   270   154     7 -9999 -9999
1930 08 16 18   122 -9999 10192   270    67     8 -9999 -9999
1930 08 17 06   122 -9999 10218   270    67     2 -9999 -9999
1930 08 17 12   178 -9999 10191   290    93     2 -9999 -9999
1930 08 17 18   178 -9999 10190   320    10     1 -9999 -9999
1930 08 18 06   128 -9999 10189     0     0     0 -9999 -9999
1930 08 18 12   222 -9999 10158    90    10     0 -9999 -9999
1930 08 18 18   211 -9999 10151   110    10     0 -9999 -9999
1930 08 19 06   178 -9999 10180   250    26     4 -9999 -9999
1930 08 19 12   228 -9999 10164    90    10     7 -9999 -9999
1930 08 19 18   200 -9999 10168    90    10     8 -9999 -9999
1930 08 20 06   150 -9999 10211   270    10     8 -9999 -9999
1930 08 20 12   189 -9999 10208   340    26     6 -9999 -9999
1930 08 20 18   178 -9999 10201    90    10     6 -9999 -9999
1930 08 21 06   161 -9999 10186   140    10     7 -9999 -9999
1930 08 21 12   261 -9999 10142   140    26     1 -9999 -9999
1930 08 21 18   228 -9999 10139   140    10     7 -9999 -9999
1930 08 22 06   189 -9999 10205   250    10     7 -9999 -9999
1930 08 22 12   211 -9999 10202   360    26     8 -9999 -9999
1930 08 22 18   172 -9999 10210   360    10     7 -9999 -9999
1930 08 23 06   161 -9999 10198   180    10     8 -9999 -9999
1930 08 23 12   222 -9999 10179   270    67     7 -9999 -9999
1930 08 23 18   178 -9999 10203   290    10     8 -9999 -9999
1930 08 24 06   178 -9999 10220   230    26     6 -9999 -9999
1930 08 24 12   222 -9999 10220   270    26     6 -9999 -9999
1930 08 24 18   161 -9999 10251   360    10     7 -9999 -9999
1930 08 25 06   161 -9999 10277    90    10     6 -9999 -9999
1930 08 25 12   211 -9999 10260    70    10     7 -9999 -9999
1930 08 25 18   200 -9999 10261    90    10     0 -9999 -9999
1930 08 26 06   150 -9999 10284    90    10     0 -9999 -9999
1930 08 26 12   239 -9999 10268    90    26     0 -9999 -9999
1930 08 26 18   222 -9999 10253    90    26     0 -9999 -9999
1930 08 27 06   150 -9999 10265    90    10     0 -9999 -9999
1930 08 27 12   272 -9999 10225    90    26     0 -9999 -9999
1930 08 27 18   239 -9999 10223   110    10     0 -9999 -9999
1930 08 28 06   161 -9999 10243   200    10     0 -9999 -9999
1930 08 28 12   278 -9999 10215    90    26     0 -9999 -9999
1930 08 28 18   250 -9999 10205    90    10     0 -9999 -9999
1930 08 29 06   161 -9999 10230    90    10     0 -9999 -9999
1930 08 29 12   228 -9999 10214    90    46     0 -9999 -9999
1930 08 29 18   211 -9999 10217    90    26     0 -9999 -9999
1930 08 30 06   150 -9999 10242   110    46     0 -9999 -9999
1930 08 30 12   228 -9999 10224    90    46     0 -9999 -9999
1930 08 30 18   200 -9999 10217    90    46     0 -9999 -9999
1930 08 31 06   111 -9999 10238   270    10     0 -9999 -9999
1930 08 31 12   222 -9999 10204    70    10     0 -9999 -9999
1930 08 31 18   228 -9999 10198   340    10     1 -9999 -9999
1930 09 01 06   172 -9999 10205    70    46     1 -9999 -9999
1930 09 01 12   228 -9999 10195   320    67     7 -9999 -9999
1930 09 01 18   161 -9999 10213   270    26     7 -9999 -9999
1930 09 02 06   122 -9999 10274    90    26     6 -9999 -9999
1930 09 02 12   161 -9999 10263   360    26     6 -9999 -9999
1930 09 02 18   161 -9999 10253   360    10     2 -9999 -9999
1930 09 03 06   100 -9999 10283     0     0     0 -9999 -9999
1930 09 03 12   189 -9999 10254   320    26     2 -9999 -9999
1930 09 03 18   172 -9999 10249   320    10     0 -9999 -9999
1930 09 04 06    89 -9999 10263     0     0     1 -9999 -9999
1930 09 04 12   178 -9999 10228   360    26     6 -9999 -9999
1930 09 04 18   178 -9999 10219    90    10     1 -9999 -9999
1930 09 05 06   100 -9999 10223   140    10     1 -9999 -9999
1930 09 05 12   200 -9999 10193    90    46     6 -9999 -9999
1930 09 05 18   200 -9999 10182    90    26     2 -9999 -9999
1930 09 06 06   150 -9999 10193   180    26     1 -9999 -9999
1930 09 06 12   211 -9999 10189   340    67     6 -9999 -9999
1930 09 06 18   211 -9999 10171   180    26     6 -9999 -9999
1930 09 07 06   161 -9999 10163   200    46     8 -9999 -9999
1930 09 07 12   178 -9999 10148   250    67     8 -9999 -9999
1930 09 07 18   161 -9999 10150   250    26     6 -9999 -9999
1930 09 08 06   128 -9999 10148   250    67     7 -9999 -9999
1930 09 08 12   172 -9999 10144   290    93     6 -9999 -9999
1930 09 08 18   150 -9999 10156   340    10     6 -9999 -9999
1930 09 09 06   100 -9999 10161     0     0     6 -9999 -9999
1930 09 09 12   150 -9999 10143   200    10     8 -9999 -9999
1930 09 09 18   150 -9999 10133   160    26     8 -9999 -9999
1930 09 10 06   150 -9999 10152   200    26     4 -9999 -9999
1930 09 10 12   172 -9999 10154   140    10     8 -9999 -9999
1930 09 10 18   189 -9999 10136     0     0     6 -9999 -9999
1930 09 11 06   128 -9999 10118   110    26     7 -9999 -9999
1930 09 11 12   200 -9999 10086    70    67     7 -9999 -9999
1930 09 11 18   189 -9999 10074   110    67     8 -9999 -9999
1930 09 12 06   161 -9999 10051   140    46     6 -9999 -9999
1930 09 12 12   239 -9999 10027   160    46     6 -9999 -9999
1930 09 12 18   200 -9999 10068   250    46     7 -9999 -9999
1930 09 13 06   150 -9999 10184   230    46     4 -9999 -9999
1930 09 13 12   200 -9999 10147   290    67     4 -9999 -9999
1930 09 13 18   178 -9999 10150   340    10     6 -9999 -9999
1930 09 14 06   139 -9999 10145   200    26     6 -9999 -9999
1930 09 14 12   200 -9999 10126   290    46     6 -9999 -9999
1930 09 14 18   178 -9999 10135   250    10     6 -9999 -9999
1930 09 15 06   128 -9999 10163   230    46     7 -9999 -9999
1930 09 15 12   150 -9999 10163   360    26     8 -9999 -9999
1930 09 15 18   139 -9999 10179   250    46     8 -9999 -9999
1930 09 16 06   100 -9999 10220   270    46     8 -9999 -9999
1930 09 16 12   122 -9999 10219   290    46     6 -9999 -9999
1930 09 16 18   122 -9999 10219   230    46     2 -9999 -9999
1930 09 17 06    89 -9999 10199   230    46     4 -9999 -9999
1930 09 17 12   128 -9999 10183   270    67     8 -9999 -9999
1930 09 17 18   122 -9999 10179   230    46     4 -9999 -9999
1930 09 18 06   128 -9999 10157   180    26     6 -9999 -9999
1930 09 18 12   228 -9999 10120   250    67     6 -9999 -9999
1930 09 18 18   200 -9999 10130   250    46     7 -9999 -9999
1930 09 19 06   139 -9999 10146   140    46     7 -9999 -9999
1930 09 19 12   250 -9999 10094   160    46     6 -9999 -9999
1930 09 19 18   211 -9999 10082   140    46     6 -9999 -9999
1930 09 20 06   161 -9999 10076   180    46     7 -9999 -9999
1930 09 20 12   139 -9999 10110   250    26     8 -9999 -9999
1930 09 20 18   128 -9999 10109   230    46     8 -9999 -9999
1930 09 21 06   100 -9999 10141   230    93     7 -9999 -9999
1930 09 21 12   139 -9999 10140   270   154     6 -9999 -9999
1930 09 21 18   122 -9999 10147   250   154     8 -9999 -9999
1930 09 22 06   111 -9999 10184   250   123     7 -9999 -9999
1930 09 22 12   128 -9999 10209   250   154     7 -9999 -9999
1930 09 22 18   111 -9999 10226   230    67     8 -9999 -9999
1930 09 23 06   100 -9999 10237   250    26     8 -9999 -9999
1930 09 23 12   139 -9999 10239   230    26     7 -9999 -9999
1930 09 23 18   128 -9999 10245    70    10     4 -9999 -9999
1930 09 24 06    61 -9999 10255   140    26     2 -9999 -9999
1930 09 24 12   172 -9999 10204    90    93     0 -9999 -9999
1930 09 24 18   139 -9999 10193    90    46     1 -9999 -9999
1930 09 25 06   111 -9999 10174   250    26     7 -9999 -9999
1930 09 25 12   200 -9999 10129   270    67     6 -9999 -9999
1930 09 25 18   128 -9999 10154   290    46     8 -9999 -9999
1930 09 26 06    78 -9999 10155   200    67     8 -9999 -9999
1930 09 26 12   111 -9999 10132   140    26     8 -9999 -9999
1930 09 26 18   100 -9999 10126   140    46     6 -9999 -9999
1930 09 27 06    39 -9999 10149     0     0     4 -9999 -9999
1930 09 27 12   128 -9999 10138    70    10     7 -9999 -9999
1930 09 27 18   111 -9999 10156   110    26     2 -9999 -9999
1930 09 28 06    50 -9999 10199   360    10     9 -9999 -9999
1930 09 28 12   111 -9999 10198   110    26     8 -9999 -9999
1930 09 28 18   111 -9999 10203   200    26     6 -9999 -9999
1930 09 29 06   100 -9999 10192   160    46     1 -9999 -9999
1930 09 29 12   178 -9999 10146    90    67     2 -9999 -9999
1930 09 29 18   150 -9999 10133    70    46     6 -9999 -9999
1930 09 30 06   100 -9999 10191   200    26     4 -9999 -9999
1930 09 30 12   161 -9999 10169   290   123     4 -9999 -9999
1930 09 30 18   128 -9999 10184   270    67     2 -9999 -9999
1930 10 01 06    89 -9999 10235   250    46     7 -9999 -9999
1930 10 01 12   128 -9999 10218   340    26     8 -9999 -9999
1930 10 01 18   111 -9999 10234   340    10     6 -9999 -9999
1930 10 02 06    78 -9999 10282   340    10     7 -9999 -9999
1930 10 02 12   128 -9999 10292    20    67     7 -9999 -9999
1930 10 02 18    89 -9999 10312    90    46     4 -9999 -9999
1930 10 03 06    22 -9999 10350    90    10     7 -9999 -9999
1930 10 03 12    78 -9999 10326   140    26     2 -9999 -9999
1930 10 03 18    78 -9999 10320   250    26     0 -9999 -9999
1930 10 04 06    39 -9999 10288   230    10     9 -9999 -9999
1930 10 04 12   178 -9999 10198   360    10     7 -9999 -9999
1930 10 04 18   139 -9999 10187   270   190     8 -9999 -9999
1930 10 05 06   139 -9999 10132   250   190     8 -9999 -9999
1930 10 05 12   150 -9999 10098   250   226     8 -9999 -9999
1930 10 05 18   150 -9999 10073   250   190     7 -9999 -9999
1930 10 06 06    89 -9999 10002   320   123     7 -9999 -9999
1930 10 06 12    78 -9999 10034   290   154     7 -9999 -9999
1930 10 06 18    72 -9999 10063   270   123     4 -9999 -9999
1930 10 07 06    61 -9999 10064   250   154     4 -9999 -9999
1930 10 07 12    50 -9999 10087   270   154     7 -9999 -9999
1930 10 07 18    72 -9999 10124   270    67     6 -9999 -9999
1930 10 08 06    78 -9999 10151   180    46     8 -9999 -9999
1930 10 08 12   139 -9999 10104   230    46     6 -9999 -9999
1930 10 08 18   122 -9999 10095   290   154     7 -9999 -9999
1930 10 09 06   189 -9999 10026   250    46     7 -9999 -9999
1930 10 09 12   100 -9999 10124   270    46     8 -9999 -9999
1930 10 09 18   100 -9999 10159   250    93     8 -9999 -9999
1930 10 10 06    72 -9999 10200   230    46     8 -9999 -9999
1930 10 10 12    72 -9999 10232   250    67     8 -9999 -9999
1930 10 10 18    78 -9999 10253   250    10     2 -9999 -9999
1930 10 11 06    28 -9999 10220   140    26     6 -9999 -9999
1930 10 11 12   122 -9999 10154   110    26     7 -9999 -9999
1930 10 11 18   128 -9999 10112   160    67     7 -9999 -9999
1930 10 12 06   111 -9999 10133   200    46     6 -9999 -9999
1930 10 12 12   189 -9999 10087   140    26     6 -9999 -9999
1930 10 12 18   150 -9999 10093   270    46     7 -9999 -9999
1930 10 13 06    72 -9999 10262   230    46     7 -9999 -9999
1930 10 13 12   111 -9999 10259   360    10     6 -9999 -9999
1930 10 13 18    78 -9999 10276    90    26     4 -9999 -9999
1930 10 14 06    11 -9999 10292   140    26     1 -9999 -9999
1930 10 14 12   128 -9999 10248    90    67     1 -9999 -9999
1930 10 14 18   100 -9999 10254   110    46     2 -9999 -9999
1930 10 15 06    11 -9999 10266   140    10     1 -9999 -9999
1930 10 15 12   139 -9999 10212   110    26     1 -9999 -9999
1930 10 15 18   100 -9999 10215    90    26     0 -9999 -9999
1930 10 16 06    22 -9999 10236   230    10     0 -9999 -9999
1930 10 16 12   161 -9999 10207   360    10     0 -9999 -9999
1930 10 16 18   111 -9999 10228    70    10     0 -9999 -9999
1930 10 17 06    11 -9999 10248     0     0     2 -9999 -9999
1930 10 17 12   111 -9999 10204    50    46     0 -9999 -9999
1930 10 17 18    78 -9999 10193    90    46     9 -9999 -9999
1930 10 18 06    28 -9999 10210     0     0     0 -9999 -9999
1930 10 18 18   122 -9999 10193    70    26     0 -9999 -9999
1930 10 19 06    39 -9999 10207    70    26     9 -9999 -9999
1930 10 19 12    78 -9999 10173    90    46     7 -9999 -9999
1930 10 19 18    89 -9999 10160    90    10     8 -9999 -9999
1930 10 20 06    39 -9999 10136   250    10     9 -9999 -9999
1930 10 20 12   122 -9999 10121   360    10     4 -9999 -9999
1930 10 20 18   100 -9999 10124     0     0     7 -9999 -9999
1930 10 21 06    61 -9999 10164     0     0     4 -9999 -9999
1930 10 21 12   122 -9999 10140   360    10     8 -9999 -9999
1930 10 21 18   100 -9999 10140   360    10     8 -9999 -9999
1930 10 22 06    78 -9999 10124   290    26     8 -9999 -9999
1930 10 22 12    61 -9999 10133   250    93     8 -9999 -9999
1930 10 22 18    50 -9999 10138   250    46     8 -9999 -9999
1930 10 23 06    50 -9999 10134   250    46     7 -9999 -9999
1930 10 23 12    78 -9999 10121   290    46     6 -9999 -9999
1930 10 23 18    61 -9999 10120   250    10     4 -9999 -9999
1930 10 24 06    50 -9999 10071   230    46     7 -9999 -9999
1930 10 24 12   111 -9999 10006   230    67     7 -9999 -9999
1930 10 24 18    78 -9999 10024   290   123     6 -9999 -9999
1930 10 25 06    28 -9999 10012   200    10     4 -9999 -9999
1930 10 25 12    50 -9999 10009   320    46     8 -9999 -9999
1930 10 25 18    28 -9999 10050   290    46     7 -9999 -9999
1930 10 26 06    22 -9999 10058   290    46     8 -9999 -9999
1930 10 26 12    39 -9999 10059   320    67     7 -9999 -9999
1930 10 26 18    39 -9999 10084   270    67     8 -9999 -9999
1930 10 27 06    28 -9999 10132   290   154     8 -9999 -9999
1930 10 27 12    39 -9999 10146   290   154     8 -9999 -9999
1930 10 27 18    39 -9999 10162   290   123     6 -9999 -9999
1930 10 28 06    28 -9999 10152   290   123     7 -9999 -9999
1930 10 28 12    39 -9999 10160   270    93     7 -9999 -9999
1930 10 28 18    39 -9999 10167   250    67     8 -9999 -9999
1930 10 29 06    61 -9999 10191   230    26     8 -9999 -9999
1930 10 29 12    89 -9999 10182   250    93     8 -9999 -9999
1930 10 29 18    89 -9999 10194   270    67     8 -9999 -9999
1930 10 30 06   111 -9999 10178   250    93     8 -9999 -9999
1930 10 30 12   139 -9999 10172   270   154     7 -9999 -9999
1930 10 30 18   128 -9999 10174   270   154     8 -9999 -9999
1930 10 31 06   122 -9999 10186   250   123     8 -9999 -9999
1930 10 31 12   100 -9999 10196   250    46     8 -9999 -9999
1930 10 31 18    89 -9999 10206   230    46     4 -9999 -9999
1930 11 01 06    72 -9999 10180   110    10     7 -9999 -9999
1930 11 01 12   139 -9999 10148   250    26     6 -9999 -9999
1930 11 01 18   111 -9999 10146   200    10     2 -9999 -9999
1930 11 02 06   100 -9999 10114   230    93     8 -9999 -9999
1930 11 02 12   150 -9999 10060   250    67     2 -9999 -9999
1930 11 02 18   128 -9999  9951   250    46     8 -9999 -9999
1930 11 03 06    78 -9999  9945   230    67     8 -9999 -9999
1930 11 03 12    89 -9999  9950   250   154     8 -9999 -9999
1930 11 03 18    72 -9999  9979   250   123     6 -9999 -9999
1930 11 04 06    22 -9999  9922    50    26     8 -9999 -9999
1930 11 04 18    39 -9999 10024   290    67     8 -9999 -9999
1930 11 05 06    28 -9999 10096   320    26     8 -9999 -9999
1930 11 05 12    28 -9999 10106   320    46     7 -9999 -9999
1930 11 05 18    22 -9999 10107   200    46     6 -9999 -9999
1930 11 06 06   -11 -9999 10111    70    26     7 -9999 -9999
1930 11 06 12    39 -9999 10116   110    26     8 -9999 -9999
1930 11 06 18    50 -9999 10127   160    26     8 -9999 -9999
1930 11 07 06    28 -9999 10148   180    26     2 -9999 -9999
1930 11 07 12   100 -9999 10144   360    10     8 -9999 -9999
1930 11 07 18    78 -9999 10203   230   190     8 -9999 -9999
1930 11 08 06    11 -9999 10297   180    26     2 -9999 -9999
1930 11 08 12    61 -9999 10333   230    46     7 -9999 -9999
1930 11 08 18    72 -9999 10290   250   123     8 -9999 -9999
1930 11 09 06    61 -9999 10333   230    46     7 -9999 -9999
1930 11 09 12   100 -9999 10310   230    67     6 -9999 -9999
1930 11 09 18    72 -9999 10319   230    46     2 -9999 -9999
1930 11 10 06    72 -9999 10305   250    46     8 -9999 -9999
1930 11 10 12    89 -9999 10288   270    67     8 -9999 -9999
1930 11 10 18   100 -9999 10277   230    67     8 -9999 -9999
1930 11 11 06    61 -9999 10258   320   123     8 -9999 -9999
1930 11 11 12    61 -9999 10266   270   190     7 -9999 -9999
1930 11 11 18    39 -9999 10286   250    93     2 -9999 -9999
1930 11 12 06    22 -9999 10350   270    67     7 -9999 -9999
1930 11 12 12    28 -9999 10371   270   123     7 -9999 -9999
1930 11 12 18    11 -9999 10401   250    67     6 -9999 -9999
1930 11 13 06    22 -9999 10410   230    46     8 -9999 -9999
1930 11 13 12    72 -9999 10382   230    67     1 -9999 -9999
1930 11 13 18    28 -9999 10374   230    46     1 -9999 -9999
1930 11 14 06   -22 -9999 10351   200    26     0 -9999 -9999
1930 11 14 12    89 -9999 10305   320    26     1 -9999 -9999
1930 11 14 18    39 -9999 10303   200    26     0 -9999 -9999
1930 11 15 06     0 -9999 10263   180    26     4 -9999 -9999
1930 11 15 12   139 -9999 10199   230    67     6 -9999 -9999
1930 11 15 18   100 -9999 10192   230    67     0 -9999 -9999
1930 11 16 06    78 -9999 10156   230   154     8 -9999 -9999
1930 11 16 12    78 -9999 10156   230    93     8 -9999 -9999
1930 11 16 18    50 -9999 10188   270    46     8 -9999 -9999
1930 11 17 06     0 -9999 10258   230    26     2 -9999 -9999
1930 11 17 12    28 -9999 10250   270    67     6 -9999 -9999
1930 11 17 18    11 -9999 10257   270    26     1 -9999 -9999
1930 11 18 06   -22 -9999 10300   230    46     4 -9999 -9999
1930 11 18 12    11 -9999 10285    20    46     4 -9999 -9999
1930 11 18 18   -11 -9999 10278    50    26     6 -9999 -9999
1930 11 19 06     0 -9999 10189   140    10     8 -9999 -9999
1930 11 19 12   100 -9999 10127   230    93     7 -9999 -9999
1930 11 19 18   111 -9999 10118   230    67     7 -9999 -9999
1930 11 20 06    89 -9999 10149   230    93     6 -9999 -9999
1930 11 20 12   111 -9999 10139   250    67     8 -9999 -9999
1930 11 20 18   100 -9999 10118   200    93     8 -9999 -9999
1930 11 21 06   128 -9999 10059   230   226     7 -9999 -9999
1930 11 21 12   122 -9999 10108   230   190     8 -9999 -9999
1930 11 21 18   139 -9999 10099   230    93     8 -9999 -9999
1930 11 22 06   128 -9999 10080   230    67     7 -9999 -9999
1930 11 22 12   150 -9999 10060   230    67     8 -9999 -9999
1930 11 22 18   139 -9999 10044   230    93     8 -9999 -9999
1930 11 23 06    28 -9999 10080   250   226     7 -9999 -9999
1930 11 23 12    39 -9999 10189   250   226     7 -9999 -9999
1930 11 23 18    39 -9999 10220   250   154     6 -9999 -9999
1930 11 24 06     0 -9999 10238   230    46     1 -9999 -9999
1930 11 24 12    50 -9999 10180   250    10     6 -9999 -9999
1930 11 24 18    28 -9999 10160   200    26     8 -9999 -9999
1930 11 25 06    78 -9999 10080   230    93     2 -9999 -9999
1930 11 25 12    89 -9999 10089   250   123     6 -9999 -9999
1930 11 25 18    78 -9999 10100   230    26     7 -9999 -9999
1930 11 26 06    78 -9999 10068   180    46     6 -9999 -9999
1930 11 26 12   150 -9999 10053   140    46     6 -9999 -9999
1930 11 26 18   100 -9999 10065   110    46     7 -9999 -9999
1930 11 27 06    39 -9999 10114    70    10     4 -9999 -9999
1930 11 27 12   122 -9999 10084    90    26     6 -9999 -9999
1930 11 27 18   111 -9999 10102   140    26     1 -9999 -9999
1930 11 28 06    11 -9999 10124    90    26     4 -9999 -9999
1930 11 28 12   111 -9999 10091   110    26     6 -9999 -9999
1930 11 28 18   128 -9999 10094   180    67     6 -9999 -9999
1930 11 29 06   122 -9999 10107   160    46     4 -9999 -9999
1930 11 29 12   178 -9999 10102   180    46     4 -9999 -9999
1930 11 29 18   111 -9999 10130   320    46     2 -9999 -9999
1930 11 30 06    39 -9999 10264   230    10     4 -9999 -9999
1930 11 30 12   100 -9999 10271    70    10     6 -9999 -9999
1930 11 30 18    89 -9999 10267   320    26     8 -9999 -9999
1930 12 01 06    50 -9999 10306   290    46     8 -9999 -9999
1930 12 01 12    72 -9999 10309   340    10     7 -9999 -9999
1930 12 01 18    39 -9999 10314    70    46     9 -9999 -9999
1930 12 02 06    22 -9999 10268    90    46     9 -9999 -9999
1930 12 02 12    39 -9999 10260   110    93     8 -9999 -9999
1930 12 02 18    28 -9999 -9999   110    46     4 -9999 -9999
1930 12 03 06   -22 -9999 10304   110    46     1 -9999 -9999
1930 12 03 12    22 -9999 10290    90    46     0 -9999 -9999
1930 12 03 18   -11 -9999 10301    90    26     0 -9999 -9999
1930 12 04 06   -22 -9999 10309   140    46     9 -9999 -9999
1930 12 04 12   -11 -9999 10296   160    46     9 -9999 -9999
1930 12 04 18   -11 -9999 10291    70    46     8 -9999 -9999
1930 12 05 06   -28 -9999 10259    20    26     8 -9999 -9999
1930 12 05 12   -11 -9999 10232   340    10     8 -9999 -9999
1930 12 05 18   -11 -9999 10225   270    46     8 -9999 -9999
1930 12 06 06     0 -9999 10194   160    26     8 -9999 -9999
1930 12 06 12    11 -9999 10184   250    26     8 -9999 -9999
1930 12 06 18    11 -9999 10176    90    26     8 -9999 -9999
1930 12 07 06    22 -9999 10171   180    10     8 -9999 -9999
1930 12 07 12    61 -9999 10158   200    26     7 -9999 -9999
1930 12 07 18    28 -9999 10163   180    26     2 -9999 -9999
1930 12 08 06   -11 -9999 10138   140    10     4 -9999 -9999
1930 12 08 12    28 -9999 10144   250    46     8 -9999 -9999
1930 12 08 18    39 -9999 10164   250    46     8 -9999 -9999
1930 12 09 06    11 -9999 10143    90    46     9 -9999 -9999
1930 12 09 12    22 -9999 10117    90    10     9 -9999 -9999
1930 12 09 18    22 -9999 10110   200    10     8 -9999 -9999
1930 12 10 06     0 -9999 10122   230    46     8 -9999 -9999
1930 12 10 12    11 -9999 10142   320    46     8 -9999 -9999
1930 12 10 18     0 -9999 10158   290    67     8 -9999 -9999
1930 12 11 06   -11 -9999 10151   270    46     8 -9999 -9999
1930 12 11 12   -11 -9999 10095     0     0     4 -9999 -9999
1930 12 11 18   -39 -9999 10059    70    26     6 -9999 -9999
1930 12 12 06   -28 -9999 10077   230    46     8 -9999 -9999
1930 12 12 12   -11 -9999 10071   230    46     6 -9999 -9999
1930 12 12 18   -11 -9999 10079   230    10     8 -9999 -9999
1930 12 13 06    11 -9999 10090   270    10     8 -9999 -9999
1930 12 13 12     0 -9999 10053   140    26     2 -9999 -9999
1930 12 13 18     0 -9999 10015   140    26     8 -9999 -9999
1930 12 14 06    28 -9999 10031   230    46     8 -9999 -9999
1930 12 14 12    61 -9999 10038   230    67     4 -9999 -9999
1930 12 14 18    22 -9999 10058   200    26     0 -9999 -9999
1930 12 15 06    11 -9999 10087   230    10     8 -9999 -9999
1930 12 15 12    28 -9999 10090    50    26     7 -9999 -9999
1930 12 15 18    11 -9999 10112    90    46     8 -9999 -9999
1930 12 16 06     0 -9999 10147     0     0     8 -9999 -9999
1930 12 16 12    11 -9999 10123    70    26     8 -9999 -9999
1930 12 16 18   -11 -9999 10122    90    26     4 -9999 -9999
1930 12 17 06   -11 -9999 10172   110    26     6 -9999 -9999
1930 12 17 12   -11 -9999 10213   110    10     4 -9999 -9999
1930 12 17 18   -11 -9999 10254     0     0     8 -9999 -9999
1930 12 18 06   -11 -9999 10354   250    46     8 -9999 -9999
1930 12 18 12   -22 -9999 10393   320    26     6 -9999 -9999
1930 12 18 18   -22 -9999 10407   230    46     7 -9999 -9999
1930 12 19 06   -39 -9999 10410     0     0     9 -9999 -9999
1930 12 19 12   -22 -9999 10395    90    46     0 -9999 -9999
1930 12 19 18   -28 -9999 10385   110    46     0 -9999 -9999
1930 12 20 06   -78 -9999 10377    90    26 -9999 -9999 -9999
1930 12 20 12   -28 -9999 10337    90    46     0 -9999 -9999
1930 12 20 18   -61 -9999 10314    90    26     0 -9999 -9999
1930 12 21 06   -89 -9999 10293   320    10     9 -9999 -9999
1930 12 21 12   -72 -9999 10296    20    10     9 -9999 -9999
1930 12 21 18   -78 -9999 10301    50    10     9 -9999 -9999
1930 12 22 06   -61 -9999 10304   200    10     9 -9999 -9999
1930 12 22 12   -39 -9999 10315   270    10     9 -9999 -9999
1930 12 22 18   -39 -9999 10320     0     0     8 -9999 -9999
1930 12 23 06   -39 -9999 10276    90    46     8 -9999 -9999
1930 12 23 12   -28 -9999 10231    90    93     8 -9999 -9999
1930 12 23 18   -39 -9999 10209    90    67     8 -9999 -9999
1930 12 24 06   -39 -9999 10164   320    10     8 -9999 -9999
1930 12 24 12   -28 -9999 10144   320    10     9 -9999 -9999
1930 12 24 18   -22 -9999 10134   270    46     8 -9999 -9999
1930 12 25 06   -28 -9999 10081   230    10     8 -9999 -9999
1930 12 25 12   -39 -9999 10062   110    26     8 -9999 -9999
1930 12 25 18   -39 -9999 10068   160    10     8 -9999 -9999
1930 12 26 06   -39 -9999 10120   250    46     8 -9999 -9999
1930 12 26 12   -11 -9999 10114   230    26     8 -9999 -9999
1930 12 26 18   -22 -9999 10104   230    10     6 -9999 -9999
1930 12 27 06    28 -9999 10114   250    93     8 -9999 -9999
1930 12 27 12    50 -9999 10156   270   123     7 -9999 -9999
1930 12 27 18    28 -9999 10185   250    46     8 -9999 -9999
1930 12 28 06    50 -9999 10174   250    46     8 -9999 -9999
1930 12 28 12    39 -9999 10231   270    67     8 -9999 -9999
1930 12 28 18    39 -9999 -9999   250    46     7 -9999 -9999
1930 12 29 06   -11 -9999 10180   110    26     1 -9999 -9999
1930 12 29 12    22 -9999 10075   140    46     7 -9999 -9999
1930 12 29 18    11 -9999 10037   160    10     8 -9999 -9999
1930 12 30 06    22 -9999 10099   230    26     8 -9999 -9999
1930 12 30 12    50 -9999 10094   250    46     6 -9999 -9999
1930 12 30 18    22 -9999 10078   160    46     2 -9999 -9999
1930 12 31 06    28 -9999  9999   160    46     6 -9999 -9999
1930 12 31 18    28 -9999  9975   160    46     6 -9999 -9999
